StateCode,	Division,	Year	,	Month,	PCP,	TAVG,	PDSI,	PHDI,	ZNDX,	PMDI,	CDD,	HDD,	SP01,	SP02,	SP03,	SP06,	SP09,	SP12,	SP24,	TMIN,	TMAX,
04,	00,	1950	,	01,	5.39,	37.6,	-2.06,	-2.06,	1.02,	-1.56,	0,	732,	.61,	-.01,	-.25,	-.57,	-.54,	-.64,	-.69,	28.2,	47,
04,	00,	1950	,	02,	2.71,	46.2,	-2.09,	-2.09,	-.72,	-1.84,	0,	464,	-.28,	.22,	-.24,	-.69,	-.79,	-.65,	-.54,	34.7,	57.8,
04,	00,	1950	,	03,	2.85,	48.4,	-1.94,	-1.94,	-.22,	-1.72,	1,	462,	.05,	-.27,	.12,	-.57,	-.68,	-.92,	-.62,	36.7,	60,
04,	00,	1950	,	04,	1.34,	56.3,	-1.99,	-1.99,	-.74,	-1.99,	13,	282,	-.05,	-.05,	-.34,	-.42,	-.66,	-.63,	-.96,	42.7,	69.9,
04,	00,	1950	,	05,	.63,	60.9,	-1.85,	-1.85,	-.21,	-1.85,	21,	216,	-.2,	-.27,	-.17,	-.32,	-.69,	-.78,	-1.06,	46.6,	75.2,
04,	00,	1950	,	06,	.34,	67,	-1.67,	-1.67,	-.03,	-1.62,	64,	90,	.22,	-.19,	-.27,	.01,	-.61,	-.72,	-1.1,	52.2,	81.8,
04,	00,	1950	,	07,	.24,	75.8,	-1.4,	-1.4,	.3,	-1.13,	230,	2,	.67,	.35,	-.09,	-.37,	-.43,	-.68,	-1.1,	60.8,	90.8,
04,	00,	1950	,	08,	.07,	74.4,	-1.51,	-1.51,	-.77,	-1.51,	192,	8,	-.99,	-.26,	-.19,	-.19,	-.32,	-.7,	-1.11,	58.2,	90.7,
04,	00,	1950	,	09,	.51,	67.7,	.08,	-1.28,	.24,	-1.07,	90,	48,	.52,	.06,	.16,	-.25,	.02,	-.61,	-1.09,	54,	81.4,
04,	00,	1950	,	10,	3.41,	61.4,	1.35,	1.35,	3.83,	1.35,	40,	128,	1.91,	1.98,	1.84,	1.62,	.21,	-.05,	-.74,	48.2,	74.5,
04,	00,	1950	,	11,	4.24,	53.6,	1.8,	1.8,	1.78,	1.8,	8,	266,	1.06,	1.73,	1.76,	1.7,	.96,	.34,	-.37,	42.8,	64.4,
04,	00,	1950	,	12,	4.21,	48.2,	1.75,	1.75,	.4,	1.75,	0,	417,	.37,	.77,	1.31,	1.31,	1.09,	.7,	-.33,	39.1,	57.4,
04,	00,	1951	,	01,	4.09,	42.2,	1.85,	1.85,	.83,	1.85,	0,	599,	.17,	.26,	.57,	.99,	.93,	.51,	-.17,	33.1,	51.3,
04,	00,	1951	,	02,	2.54,	44.5,	-.26,	1.4,	-.77,	.96,	0,	511,	-.36,	-.18,	-.04,	.71,	.68,	.46,	-.15,	34.1,	54.8,
04,	00,	1951	,	03,	1.17,	48.1,	-.99,	-.99,	-2.29,	-.99,	0,	464,	-1.1,	-.99,	-.64,	.32,	.33,	.21,	-.53,	35.4,	60.7,
04,	00,	1951	,	04,	1.6,	55.1,	-.96,	-.96,	-.2,	-.96,	4,	330,	.2,	-.81,	-.89,	-.05,	.3,	.26,	-.36,	42.7,	67.4,
04,	00,	1951	,	05,	1.02,	61.3,	-.63,	-.63,	.67,	-.63,	26,	190,	.44,	.25,	-.69,	-.35,	.35,	.33,	-.39,	47.9,	74.8,
04,	00,	1951	,	06,	.07,	68.5,	-.53,	-.53,	.13,	-.53,	75,	76,	-1.06,	0,	.03,	-.61,	.29,	.3,	-.38,	53.5,	83.5,
04,	00,	1951	,	07,	.15,	74.7,	-.49,	-.49,	-.06,	-.49,	206,	6,	-.02,	-.99,	-.04,	-.92,	-.07,	.28,	-.38,	59.1,	90.3,
04,	00,	1951	,	08,	.35,	73.1,	-.33,	-.33,	.35,	-.33,	175,	11,	.78,	.56,	-.42,	-.76,	-.38,	.33,	-.34,	57.8,	88.5,
04,	00,	1951	,	09,	.15,	70.7,	-.63,	-.63,	-1,	-.63,	142,	22,	-.66,	-.14,	-.23,	-.09,	-.65,	.27,	-.35,	54.9,	86.4,
04,	00,	1951	,	10,	1.85,	58.6,	.41,	.41,	1.23,	.41,	21,	170,	.78,	.45,	.54,	.28,	-.69,	.01,	-.15,	45.5,	71.7,
04,	00,	1951	,	11,	3.37,	49.1,	.64,	.64,	.83,	.64,	0,	380,	.64,	.82,	.71,	.62,	-.19,	-.19,	.05,	38.5,	59.8,
04,	00,	1951	,	12,	7.23,	40.7,	1.88,	1.88,	3.9,	1.88,	0,	636,	1.44,	1.38,	1.46,	1.42,	1.28,	.33,	.64,	32.1,	49.4,
04,	00,	1952	,	01,	7.44,	38.7,	3.28,	3.28,	4.79,	3.28,	0,	688,	1.19,	1.63,	1.7,	1.73,	1.67,	.9,	.89,	30.6,	46.8,
04,	00,	1952	,	02,	2.58,	44,	2.71,	2.71,	-.71,	2.36,	0,	500,	-.34,	.68,	1.23,	1.33,	1.3,	.89,	.81,	33.8,	54.2,
04,	00,	1952	,	03,	4.78,	43.5,	3.34,	3.34,	2.74,	3.34,	0,	601,	.91,	.3,	.87,	1.45,	1.42,	1.37,	1.03,	33.8,	53.2,
04,	00,	1952	,	04,	1.5,	54.4,	2.91,	2.91,	-.26,	2.74,	4,	332,	.11,	.74,	.23,	1.31,	1.33,	1.29,	1.03,	42.2,	66.7,
04,	00,	1952	,	05,	.46,	63,	2.39,	2.39,	-.65,	1.91,	42,	149,	-.57,	-.28,	.57,	1.17,	1.26,	1.23,	1.03,	48.6,	77.5,
04,	00,	1952	,	06,	.68,	64.3,	2.37,	2.37,	.68,	2.1,	36,	132,	1.2,	.08,	-.01,	.77,	1.32,	1.3,	1.06,	50.6,	77.9,
04,	00,	1952	,	07,	.4,	75.6,	2.66,	2.66,	1.59,	2.66,	214,	5,	1.6,	1.62,	.39,	.28,	1.3,	1.33,	1.08,	60.6,	90.5,
04,	00,	1952	,	08,	.05,	74.3,	2.23,	2.23,	-.46,	1.97,	208,	5,	-1.23,	.38,	1.03,	.69,	1.21,	1.29,	1.08,	58.8,	89.7,
04,	00,	1952	,	09,	.45,	70.6,	1.98,	1.98,	-.06,	1.64,	153,	18,	.38,	-.14,	.32,	.05,	.79,	1.32,	1.08,	55.6,	85.6,
04,	00,	1952	,	10,	.12,	63.7,	.89,	.89,	-2.67,	-.61,	45,	108,	-1.55,	-1.22,	-1.44,	-1.05,	-.07,	1.15,	.75,	48.8,	78.6,
04,	00,	1952	,	11,	2.29,	46.7,	.71,	.71,	-.27,	-.83,	0,	456,	.04,	-.61,	-.6,	-.36,	.13,	1.03,	.54,	35,	58.4,
04,	00,	1952	,	12,	7.22,	42.2,	1.85,	1.85,	3.63,	1.61,	0,	594,	1.44,	1.08,	.71,	.74,	.63,	1.01,	.86,	34.4,	50,
04,	00,	1953	,	01,	4.52,	47,	1.97,	1.97,	.93,	1.97,	0,	456,	.33,	1.05,	.89,	.61,	.62,	.58,	.94,	37.6,	56.4,
04,	00,	1953	,	02,	.55,	45.3,	-.96,	.81,	-2.87,	-.6,	0,	484,	-1.71,	-.68,	.28,	-.04,	.04,	.2,	.65,	32.6,	58,
04,	00,	1953	,	03,	2.32,	48.1,	-1.15,	-1.15,	-.86,	-1.15,	0,	487,	-.25,	-1.4,	-.75,	-.14,	-.12,	-.18,	.79,	35.6,	60.7,
04,	00,	1953	,	04,	2.23,	52.7,	.34,	-.69,	1.02,	.07,	3,	386,	.7,	.11,	-.97,	.17,	-.04,	-.02,	.84,	40.4,	65,
04,	00,	1953	,	05,	1.63,	55.4,	1.14,	1.14,	2.51,	1.14,	7,	296,	1.16,	1.03,	.38,	.35,	.12,	.18,	.93,	43.3,	67.5,
04,	00,	1953	,	06,	.61,	64.4,	1.94,	1.94,	2.76,	1.94,	44,	117,	1.03,	1.34,	1.14,	-.29,	.15,	.17,	.98,	50.6,	78.3,
04,	00,	1953	,	07,	.1,	76.2,	3.03,	3.03,	3.85,	3.03,	251,	3,	-.52,	.73,	1.27,	-.59,	.33,	.12,	.98,	60.6,	91.8,
04,	00,	1953	,	08,	.31,	71.8,	2.96,	2.96,	.74,	2.96,	149,	16,	.6,	.21,	.77,	.47,	.41,	.17,	.98,	57.2,	86.4,
04,	00,	1953	,	09,	.04,	71,	-.41,	2.25,	-1.22,	1.69,	137,	22,	-1.8,	-.6,	-.8,	.89,	-.36,	.1,	.97,	55.6,	86.3,
04,	00,	1953	,	10,	.79,	58.9,	-.63,	1.75,	-.8,	.82,	20,	172,	-.36,	-.85,	-.73,	.19,	-.79,	.2,	.87,	44.9,	72.8,
04,	00,	1953	,	11,	2.94,	51.2,	-.53,	1.61,	.12,	.7,	4,	335,	.42,	.13,	-.07,	.08,	.21,	.28,	.84,	40.9,	61.4,
04,	00,	1953	,	12,	1.15,	44,	-1.43,	-1.43,	-2.86,	-1.43,	0,	531,	-1.27,	-.66,	-.77,	-.92,	-.32,	-.82,	.15,	32.8,	55.1,
04,	00,	1954	,	01,	5.93,	42.7,	.5,	-.78,	1.49,	.11,	0,	601,	.77,	-.07,	-.01,	-.18,	.03,	-.62,	-.11,	33.4,	52,
04,	00,	1954	,	02,	3.02,	48.7,	.24,	-.9,	-.61,	-.3,	3,	372,	-.13,	.43,	-.21,	-.31,	-.25,	-.16,	-.02,	36.6,	60.8,
04,	00,	1954	,	03,	4.13,	46,	.77,	.77,	1.66,	.77,	0,	539,	.65,	.24,	.56,	.03,	-.03,	.23,	-.09,	35.5,	56.5,
04,	00,	1954	,	04,	1.67,	57.5,	-.13,	-.13,	-.4,	.56,	15,	269,	.26,	.58,	.22,	.12,	0,	.15,	-.06,	44.7,	70.4,
04,	00,	1954	,	05,	.13,	63.6,	-.61,	-.61,	-1.46,	-.61,	38,	159,	-1.8,	-.42,	.28,	-.08,	-.14,	-.1,	-.08,	48.9,	78.3,
04,	00,	1954	,	06,	.68,	66.4,	-.56,	-.56,	-.05,	-.56,	65,	88,	1.2,	-.47,	-.13,	.45,	-.02,	-.08,	-.08,	52.4,	80.5,
04,	00,	1954	,	07,	.24,	75.8,	-.46,	-.46,	.12,	-.46,	263,	3,	.67,	1.26,	-.36,	.14,	.07,	-.05,	-.1,	60.5,	91.1,
04,	00,	1954	,	08,	.27,	70.4,	-.39,	-.39,	.07,	-.39,	129,	25,	.41,	.6,	1.16,	.45,	.02,	-.05,	-.06,	55.8,	85,
04,	00,	1954	,	09,	.22,	67.4,	-.55,	-.55,	-.59,	-.55,	97,	47,	-.32,	-.17,	-.04,	-.19,	.44,	-.02,	-.1,	51.8,	83,
04,	00,	1954	,	10,	.29,	59.3,	-1.09,	-1.09,	-1.8,	-1.09,	17,	183,	-1.17,	-1.31,	-1.2,	-1.38,	-.17,	-.13,	-.06,	44.6,	74.1,
04,	00,	1954	,	11,	2.75,	51.3,	-1.02,	-1.02,	-.13,	-1.01,	5,	323,	.31,	-.24,	-.36,	-.1,	.02,	-.21,	-.01,	39.9,	62.7,
04,	00,	1954	,	12,	3.67,	41.8,	-.94,	-.94,	-.08,	-.88,	0,	579,	.14,	.15,	-.17,	-.19,	-.29,	.24,	-.44,	32.6,	51,
04,	00,	1955	,	01,	3.61,	38,	-.87,	-.87,	-.06,	-.73,	0,	708,	-.01,	-.01,	0,	-.27,	-.35,	-.22,	-.63,	29.1,	47,
04,	00,	1955	,	02,	1.5,	41.7,	-1.32,	-1.32,	-1.64,	-1.32,	0,	555,	-.96,	-.66,	-.55,	-.71,	-.61,	-.52,	-.46,	30.3,	53.2,
04,	00,	1955	,	03,	.7,	48,	-2.14,	-2.14,	-2.86,	-2.14,	0,	456,	-1.61,	-1.78,	-1.24,	-1.1,	-1.14,	-1.17,	-.65,	35.2,	60.8,
04,	00,	1955	,	04,	2.42,	49.6,	.54,	-1.38,	1.63,	-.58,	1,	425,	.83,	-.6,	-1.16,	-.67,	-.88,	-.94,	-.61,	37.6,	61.7,
04,	00,	1955	,	05,	.67,	59.6,	.54,	-1.18,	.16,	-.28,	17,	227,	-.12,	.57,	-.69,	-.81,	-.93,	-.83,	-.73,	46.2,	73,
04,	00,	1955	,	06,	.1,	67.2,	.65,	-.9,	.5,	.23,	63,	89,	-.87,	-.55,	.38,	-.99,	-.92,	-.95,	-.79,	52.4,	81.9,
04,	00,	1955	,	07,	.26,	71.7,	.85,	.85,	.78,	.85,	132,	24,	.8,	-.39,	-.4,	-1.29,	-.73,	-.94,	-.77,	56.9,	86.5,
04,	00,	1955	,	08,	.35,	74.9,	1.09,	1.09,	1,	1.09,	233,	4,	.78,	.93,	-.03,	-.68,	-.81,	-.93,	-.77,	59,	90.8,
04,	00,	1955	,	09,	.35,	69.3,	-.07,	.91,	-.22,	.66,	134,	28,	.12,	.33,	.44,	.45,	-.96,	-.89,	-.73,	53.7,	85,
04,	00,	1955	,	10,	.38,	61,	-.67,	-.67,	-1.83,	-.67,	23,	159,	-1,	-.99,	-.81,	-1.1,	-1.48,	-.89,	-.76,	46.6,	75.3,
04,	00,	1955	,	11,	2.69,	48.4,	.03,	.03,	.08,	-.58,	0,	407,	.28,	-.22,	-.26,	-.28,	-.83,	-.95,	-.8,	37.2,	59.7,
04,	00,	1955	,	12,	10.68,	45.1,	2.4,	2.4,	7.14,	2.4,	0,	526,	2.4,	2.09,	1.79,	1.81,	1.77,	.35,	.32,	37.3,	53,
04,	00,	1956	,	01,	6.96,	44.4,	3.44,	3.44,	3.86,	3.44,	0,	551,	1.06,	2.14,	2.12,	1.92,	1.82,	.92,	.4,	36.4,	52.4,
04,	00,	1956	,	02,	3.17,	40.7,	.04,	3.13,	.12,	3.12,	0,	608,	-.06,	.7,	1.8,	1.59,	1.58,	1.18,	.41,	29.7,	51.7,
04,	00,	1956	,	03,	.41,	49,	-1.12,	1.69,	-3.35,	.26,	1,	446,	-2.04,	-1.05,	.03,	1.04,	1.06,	1.08,	0,	35.6,	62.4,
04,	00,	1956	,	04,	1.83,	53.2,	.11,	1.62,	.32,	.34,	3,	370,	.39,	-1.2,	-.85,	1.15,	1.02,	.95,	.02,	41.3,	65.1,
04,	00,	1956	,	05,	1.42,	60.8,	.59,	1.95,	1.49,	1.22,	24,	194,	.94,	.68,	-.76,	1.24,	1.07,	1.06,	.19,	48.1,	73.6,
04,	00,	1956	,	06,	.2,	68.7,	.74,	1.96,	.62,	1.41,	95,	60,	-.34,	.7,	.55,	.15,	1.05,	1.07,	.13,	53.6,	83.8,
04,	00,	1956	,	07,	.3,	74.1,	.86,	1.95,	.58,	1.54,	182,	10,	1.05,	.1,	.84,	-.63,	1.2,	1.07,	.14,	59.4,	88.9,
04,	00,	1956	,	08,	.03,	71.4,	.59,	1.57,	-.52,	.93,	138,	19,	-1.52,	-.15,	-.54,	-.86,	1.2,	1.03,	.12,	56,	86.8,
04,	00,	1956	,	09,	.25,	70.2,	.33,	1.21,	-.61,	.32,	164,	21,	-.21,	-.87,	-.42,	.38,	.12,	1.02,	.12,	54.8,	85.8,
04,	00,	1956	,	10,	2.3,	57.4,	1.03,	1.82,	2.22,	1.62,	9,	220,	1.15,	.94,	.74,	1.06,	-.38,	1.3,	.36,	45.2,	69.6,
04,	00,	1956	,	11,	.11,	49.8,	-1.02,	.62,	-3.05,	-.93,	5,	320,	-1.86,	-.61,	-.74,	-.87,	-1.25,	.98,	.07,	35.6,	64.1,
04,	00,	1956	,	12,	.87,	43.9,	-2.07,	-2.07,	-3.48,	-2.07,	0,	509,	-1.49,	-1.96,	-1.35,	-1.5,	-1.15,	-.69,	-.28,	31.2,	56.5,
04,	00,	1957	,	01,	3.92,	38.7,	-2.22,	-2.22,	-1.09,	-2.22,	0,	683,	.11,	-.78,	-1.36,	-1.13,	-.96,	-1.41,	-.33,	29.4,	47.9,
04,	00,	1957	,	02,	3.64,	48.1,	-2.26,	-2.26,	-.8,	-2.26,	0,	398,	.15,	.08,	-.64,	-.94,	-.98,	-1.3,	-.03,	38.8,	57.3,
04,	00,	1957	,	03,	3,	49.7,	-2.1,	-2.1,	-.21,	-2.1,	1,	429,	.12,	.08,	.04,	-.79,	-.85,	-.7,	.24,	39.5,	59.8,
04,	00,	1957	,	04,	1.71,	54,	.03,	-1.85,	.1,	-1.74,	3,	337,	.29,	.17,	.09,	-.98,	-.79,	-.67,	.16,	42,	66.1,
04,	00,	1957	,	05,	2.52,	58.9,	1.39,	1.39,	4.08,	1.39,	15,	230,	1.96,	1.23,	.73,	-.15,	-.41,	-.46,	.39,	47.3,	70.5,
04,	00,	1957	,	06,	.14,	71.3,	2,	2,	2.27,	2,	147,	27,	-.64,	1.71,	1.08,	.33,	-.41,	-.46,	.4,	56.2,	86.4,
04,	00,	1957	,	07,	.1,	74.7,	2.16,	2.16,	1.08,	2.16,	232,	4,	-.52,	-.89,	1.65,	.46,	-.66,	-.5,	.38,	59.3,	90,
04,	00,	1957	,	08,	.12,	72.1,	1.88,	1.88,	-.18,	1.73,	187,	10,	-.53,	-.81,	-1.08,	.6,	-.21,	-.48,	.36,	56.8,	87.5,
04,	00,	1957	,	09,	.9,	69.3,	2.17,	2.17,	1.46,	2.17,	117,	30,	1.23,	.91,	.72,	1.19,	.4,	-.35,	.42,	54.6,	84,
04,	00,	1957	,	10,	2.76,	56.7,	3,	3,	3.17,	3,	10,	214,	1.49,	1.8,	1.69,	2.64,	.85,	-.29,	.69,	46.5,	66.9,
04,	00,	1957	,	11,	1.73,	47.2,	2.47,	2.47,	-.65,	2.15,	0,	437,	-.33,	.5,	.72,	.54,	.79,	-.04,	.6,	36.5,	57.8,
04,	00,	1957	,	12,	4.01,	44.4,	2.26,	2.26,	.13,	1.93,	0,	496,	.28,	-.08,	.38,	.48,	.84,	.49,	-.18,	34.7,	54.2,
04,	00,	1958	,	01,	4.34,	44,	2.18,	2.18,	.46,	1.98,	0,	536,	.26,	.27,	.01,	.44,	.71,	.56,	-.57,	34.1,	53.8,
04,	00,	1958	,	02,	8.22,	48.4,	3.54,	3.54,	4.76,	3.54,	0,	400,	1.65,	1.2,	1.11,	1.22,	1.15,	1.31,	.07,	40,	56.7,
04,	00,	1958	,	03,	5.74,	44.7,	4.45,	4.45,	3.82,	4.45,	0,	561,	1.26,	1.84,	1.45,	1.39,	1.42,	1.59,	.68,	35.5,	53.8,
04,	00,	1958	,	04,	3.96,	53.2,	5.17,	5.17,	3.52,	5.17,	7,	320,	1.7,	1.69,	2.16,	1.45,	1.64,	1.77,	.9,	41.2,	65.1,
04,	00,	1958	,	05,	.85,	64,	4.69,	4.69,	.17,	4.69,	48,	135,	.18,	1.52,	1.65,	1.58,	1.63,	1.59,	.86,	50,	78,
04,	00,	1958	,	06,	.87,	67.9,	4.74,	4.74,	1.59,	4.74,	86,	63,	1.64,	.81,	1.73,	1.74,	1.62,	1.65,	.92,	54.4,	81.3,
04,	00,	1958	,	07,	.32,	74.3,	4.71,	4.71,	1.39,	4.71,	186,	8,	1.17,	1.86,	.97,	2.17,	1.5,	1.68,	.93,	59.7,	88.9,
04,	00,	1958	,	08,	.38,	77.1,	4.51,	4.51,	.86,	4.51,	291,	0,	.9,	1.2,	1.97,	1.79,	1.65,	1.7,	.97,	62.7,	91.6,
04,	00,	1958	,	09,	.57,	70.4,	4.16,	4.16,	.32,	4.16,	176,	15,	.65,	.79,	.97,	1.84,	1.78,	1.66,	1,	55.6,	85.2,
04,	00,	1958	,	10,	.39,	63.6,	-.71,	3.01,	-2.14,	2.13,	73,	77,	-.98,	-.69,	-.49,	.1,	2.03,	1.45,	.82,	49.3,	78,
04,	00,	1958	,	11,	.96,	50.5,	-1.38,	1.97,	-2.21,	.22,	0,	349,	-.95,	-1.39,	-1.29,	-.67,	1.07,	1.41,	.92,	38.5,	62.5,
04,	00,	1958	,	12,	1.16,	48.5,	-2.42,	.58,	-3.54,	-2.38,	0,	398,	-1.26,	-1.45,	-1.65,	-1.54,	-.43,	.97,	.95,	36.1,	60.9,
04,	00,	1959	,	01,	4.66,	45.7,	-2.44,	-2.44,	-.81,	-2.44,	0,	482,	.37,	-.44,	-.83,	-.95,	-.77,	1.09,	1.08,	35.9,	55.5,
04,	00,	1959	,	02,	5.05,	43.5,	-1.83,	-1.83,	1.06,	-1.31,	0,	528,	.69,	.61,	-.03,	-.54,	-.36,	.53,	1.14,	33.6,	53.3,
04,	00,	1959	,	03,	.86,	52.1,	-2.7,	-2.7,	-3.18,	-2.7,	6,	335,	-1.42,	-.15,	.04,	-.97,	-.87,	-.27,	.92,	38.8,	65.4,
04,	00,	1959	,	04,	.55,	58.8,	-3.18,	-3.18,	-2.28,	-3.18,	24,	210,	-1.12,	-2.13,	-.48,	-.98,	-1.07,	-.91,	.78,	44.6,	73,
04,	00,	1959	,	05,	.45,	59.3,	-3.31,	-3.31,	-1.37,	-3.31,	19,	219,	-.59,	-1.39,	-2.37,	-.77,	-1.2,	-1.01,	.57,	46.1,	72.5,
04,	00,	1959	,	06,	.05,	71,	-3.69,	-3.69,	-2.17,	-3.69,	128,	37,	-1.21,	-1.17,	-1.61,	-.34,	-1.28,	-1.2,	.56,	55.7,	86.3,
04,	00,	1959	,	07,	.08,	78.1,	-4.04,	-4.04,	-2.19,	-4.04,	308,	0,	-.76,	-1.46,	-1.48,	-.73,	-1.16,	-1.25,	.56,	62.4,	93.9,
04,	00,	1959	,	08,	.22,	73.7,	-3.91,	-3.91,	-.85,	-3.91,	219,	4,	.14,	-.31,	-1.12,	-3.09,	-.86,	-1.3,	.58,	58.5,	88.8,
04,	00,	1959	,	09,	1.23,	67.2,	-2.7,	-2.7,	2.41,	-1.71,	102,	42,	1.68,	1.52,	1.36,	-.73,	-.18,	-1.12,	.61,	53.8,	80.6,
04,	00,	1959	,	10,	.21,	62.1,	-3.19,	-3.19,	-2.31,	-3.04,	49,	104,	-1.34,	-.12,	-.14,	-.97,	-.75,	-1.18,	.34,	48.2,	76.1,
04,	00,	1959	,	11,	.14,	51.7,	-3.97,	-3.97,	-3.33,	-3.97,	7,	290,	-1.82,	-2.42,	-1.59,	-1.95,	-2.78,	-1.39,	.17,	36.8,	66.5,
04,	00,	1959	,	12,	1.71,	44.2,	-4.44,	-4.44,	-2.62,	-4.44,	0,	499,	-.89,	-1.56,	-1.83,	-1.62,	-2.2,	-1.24,	-.11,	32.4,	55.9,
04,	00,	1960	,	01,	3.68,	40.3,	-4.39,	-4.39,	-1.23,	-4.39,	0,	653,	.02,	-.58,	-1.18,	-1.21,	-1.4,	-1.54,	-.27,	31.5,	49.1,
04,	00,	1960	,	02,	5.14,	44,	-3.55,	-3.55,	1.17,	-3.04,	0,	509,	.72,	.4,	-.11,	-.7,	-.78,	-1.5,	-.57,	34.2,	53.8,
04,	00,	1960	,	03,	2.84,	51.9,	-3.41,	-3.41,	-.67,	-3.11,	4,	372,	.04,	.47,	.27,	-.82,	-.66,	-1.04,	-.92,	40.2,	63.5,
04,	00,	1960	,	04,	1.42,	54.8,	-3.2,	-3.2,	-.43,	-3,	11,	294,	.03,	-.02,	.38,	-.61,	-.64,	-.79,	-1.21,	42.1,	67.4,
04,	00,	1960	,	05,	1.05,	60.1,	-2.6,	-2.6,	.8,	-2.05,	28,	187,	.48,	.14,	.04,	-.12,	-.59,	-.67,	-1.21,	46.6,	73.7,
04,	00,	1960	,	06,	.02,	73.1,	-2.29,	-2.29,	.13,	-1.65,	157,	25,	-1.45,	-.03,	-.12,	.18,	-.81,	-.67,	-1.32,	57.4,	88.8,
04,	00,	1960	,	07,	.14,	77.2,	-2.54,	-2.54,	-1.45,	-2.37,	274,	0,	-.12,	-1.29,	-.09,	.33,	-.63,	-.66,	-1.35,	61.6,	92.9,
04,	00,	1960	,	08,	.02,	73.9,	-2.75,	-2.75,	-1.43,	-2.75,	197,	8,	-1.69,	-1.32,	-1.72,	-.18,	-.21,	-.7,	-1.41,	58,	89.8,
04,	00,	1960	,	09,	.26,	70.8,	-2.74,	-2.74,	-.8,	-2.74,	164,	19,	-.17,	-.87,	-.9,	-.43,	.12,	-.9,	-1.44,	55.2,	86.4,
04,	00,	1960	,	10,	.55,	59.3,	-2.9,	-2.9,	-1.32,	-2.9,	18,	176,	-.71,	-.88,	-1.14,	-1.16,	.04,	-.85,	-1.38,	45.9,	72.6,
04,	00,	1960	,	11,	4.52,	48.2,	-1.84,	-1.84,	2.29,	-.83,	0,	425,	1.18,	.75,	.69,	.43,	.16,	-.05,	-.95,	38.2,	58.1,
04,	00,	1960	,	12,	2.13,	43,	-2.12,	-2.12,	-1.42,	-1.66,	0,	565,	-.64,	.22,	-.01,	-.13,	-.23,	.03,	-.84,	32.6,	53.4,
04,	00,	1961	,	01,	2.09,	44.3,	-2.59,	-2.59,	-2.06,	-2.59,	0,	502,	-.72,	-.99,	-.32,	-.57,	-.61,	-.31,	-1.2,	32.9,	55.6,
04,	00,	1961	,	02,	2.17,	47.3,	-2.8,	-2.8,	-1.43,	-2.8,	0,	418,	-.56,	-.98,	-1.24,	-.79,	-.92,	-.9,	-1.47,	36.6,	58,
04,	00,	1961	,	03,	3.04,	48.2,	-2.5,	-2.5,	.04,	-2.42,	1,	465,	.14,	-.39,	-.78,	-.65,	-.74,	-.79,	-1.23,	37.4,	59.1,
04,	00,	1961	,	04,	.97,	55.4,	-2.63,	-2.63,	-1.17,	-2.63,	10,	289,	-.46,	-.13,	-.58,	-.61,	-.81,	-.84,	-1.17,	41.7,	69.1,
04,	00,	1961	,	05,	.98,	58.5,	-2.14,	-2.14,	.65,	-1.8,	14,	252,	.38,	-.28,	-.09,	-1.11,	-.74,	-.86,	-1.13,	45.8,	71.2,
04,	00,	1961	,	06,	.24,	72.4,	-1.86,	-1.86,	.18,	-1.39,	141,	31,	-.17,	.19,	-.37,	-.86,	-.71,	-.8,	-1.1,	57.3,	87.5,
04,	00,	1961	,	07,	.08,	76.8,	-2.08,	-2.08,	-1.24,	-2.07,	265,	1,	-.76,	-.55,	.05,	-.58,	-.61,	-.81,	-1.11,	61.2,	92.4,
04,	00,	1961	,	08,	.59,	75.3,	-1.65,	-1.65,	.65,	-1.28,	251,	1,	1.65,	1.11,	.5,	-.01,	-1.06,	-.69,	-1.06,	61.3,	89.3,
04,	00,	1961	,	09,	.27,	66.6,	-1.65,	-1.65,	-.49,	-1.43,	89,	49,	-.13,	.64,	.4,	-.25,	-.83,	-.68,	-1.18,	51.9,	81.3,
04,	00,	1961	,	10,	.63,	59.4,	-1.87,	-1.87,	-1.18,	-1.87,	22,	158,	-.58,	-.76,	-.32,	-.44,	-.67,	-.69,	-1.1,	45.9,	73,
04,	00,	1961	,	11,	2.99,	47.6,	-1.51,	-1.51,	.5,	-1.21,	0,	429,	.44,	.08,	0,	.08,	-.17,	-1.06,	-.76,	36.1,	59,
04,	00,	1961	,	12,	2.48,	41.9,	-1.77,	-1.77,	-1.25,	-1.77,	0,	591,	-.44,	-.17,	-.36,	-.32,	-.5,	-.96,	-.68,	32.8,	51,
04,	00,	1962	,	01,	2.03,	41.3,	-2.33,	-2.33,	-2.22,	-2.33,	0,	592,	-.75,	-.88,	-.64,	-.72,	-.73,	-1.06,	-.94,	30.1,	52.5,
04,	00,	1962	,	02,	7.92,	43.6,	1.49,	-.6,	4.48,	1.43,	0,	532,	1.57,	.66,	.31,	.2,	.23,	.06,	-.55,	35.2,	52,
04,	00,	1962	,	03,	2.75,	45,	1.35,	1.35,	.04,	1.35,	0,	566,	-.01,	1.15,	.48,	.18,	.2,	.07,	-.56,	34.5,	55.5,
04,	00,	1962	,	04,	.47,	58.2,	-.76,	-.76,	-2.27,	-.76,	19,	238,	-1.29,	-.54,	.8,	.08,	.02,	0,	-.66,	43.8,	72.6,
04,	00,	1962	,	05,	.74,	58,	-.77,	-.77,	-.26,	-.77,	13,	254,	0,	-1.08,	-.59,	-.01,	-.06,	-.04,	-.7,	45.4,	70.6,
04,	00,	1962	,	06,	.11,	68.2,	-.99,	-.99,	-.89,	-.99,	77,	75,	-.81,	-.4,	-1.25,	.16,	-.07,	-.05,	-.69,	53,	83.4,
04,	00,	1962	,	07,	.11,	73.8,	-1.12,	-1.12,	-.72,	-1.12,	168,	14,	-.41,	-.99,	-.53,	.69,	.02,	-.04,	-.69,	58.2,	89.4,
04,	00,	1962	,	08,	.25,	73.8,	-1.05,	-1.05,	-.12,	-1.02,	216,	5,	.3,	-.01,	-.73,	-.72,	-.05,	-.1,	-.66,	58.4,	89.3,
04,	00,	1962	,	09,	.3,	69.6,	-1.11,	-1.11,	-.51,	-1.11,	118,	34,	-.03,	-.01,	-.21,	-1.39,	.14,	-.09,	-.66,	54.4,	84.6,
04,	00,	1962	,	10,	3.94,	59.8,	1.68,	1.68,	5.03,	1.68,	22,	163,	2.23,	2.2,	2.18,	1.82,	1.2,	.44,	-.24,	47.5,	72.2,
04,	00,	1962	,	11,	1.29,	51.7,	-.45,	1.05,	-1.35,	.3,	1,	342,	-.66,	.82,	.78,	.65,	-.11,	.13,	-.63,	40.1,	63.3,
04,	00,	1962	,	12,	2.19,	45.5,	-1.03,	-1.03,	-1.89,	-1.03,	0,	501,	-.6,	-.89,	.05,	.02,	-.45,	.09,	-.64,	34.8,	56.2,
04,	00,	1963	,	01,	2.89,	40.5,	-1.42,	-1.42,	-1.49,	-1.42,	0,	636,	-.32,	-.68,	-.94,	-.25,	-.36,	.21,	-.62,	28.6,	52.3,
04,	00,	1963	,	02,	3.89,	52,	-1.4,	-1.4,	-.36,	-1.4,	4,	307,	.25,	-.14,	-.5,	-.17,	-.23,	-.56,	-.35,	41.8,	62.2,
04,	00,	1963	,	03,	3.51,	47.1,	.25,	-1,	.76,	-.49,	0,	504,	.37,	.31,	-.02,	-.02,	-.04,	-.34,	-.3,	35.9,	58.3,
04,	00,	1963	,	04,	4.39,	49,	1.77,	1.77,	4.63,	1.77,	1,	441,	1.9,	1.23,	.95,	0,	.43,	.35,	.1,	38.8,	59.2,
04,	00,	1963	,	05,	1.11,	61.4,	1.9,	1.9,	.94,	1.9,	25,	196,	.56,	1.83,	1.26,	.27,	.46,	.41,	.13,	49.3,	73.4,
04,	00,	1963	,	06,	.46,	65.8,	2.17,	2.17,	1.4,	2.17,	54,	97,	.61,	.64,	1.86,	.57,	.49,	.47,	.16,	52.6,	79,
04,	00,	1963	,	07,	.02,	72.4,	2.31,	2.31,	1.1,	2.31,	161,	16,	-1.75,	.04,	.45,	.97,	.05,	.46,	.16,	57.2,	87.6,
04,	00,	1963	,	08,	.3,	72.8,	2.37,	2.37,	.88,	2.37,	191,	7,	.55,	-.21,	.16,	1.23,	.29,	.47,	.13,	58.1,	87.5,
04,	00,	1963	,	09,	.89,	70.7,	2.6,	2.6,	1.44,	2.6,	182,	13,	1.21,	1.17,	.87,	1.93,	.64,	.55,	.19,	57,	84.4,
04,	00,	1963	,	10,	1.99,	61,	2.74,	2.74,	1.22,	2.74,	35,	133,	.9,	1.21,	1.24,	1.28,	1.19,	.26,	.36,	49.7,	72.4,
04,	00,	1963	,	11,	4.59,	49.2,	3.23,	3.23,	2.31,	3.23,	0,	386,	1.21,	1.35,	1.53,	1.51,	1.86,	.76,	.55,	39.8,	58.5,
04,	00,	1963	,	12,	.7,	43.1,	-.98,	1.92,	-2.93,	.68,	0,	543,	-1.63,	-.23,	.01,	.15,	.96,	.52,	.34,	32.8,	53.4,
04,	00,	1964	,	01,	3.58,	41,	-1.06,	1.54,	-.57,	.08,	0,	617,	-.02,	-.97,	-.29,	.03,	.07,	.64,	.48,	31.1,	51,
04,	00,	1964	,	02,	.31,	44,	-1.97,	-1.97,	-3.04,	-1.97,	0,	498,	-1.96,	-1.14,	-1.89,	-.71,	-.7,	-.01,	-.39,	30.8,	57.2,
04,	00,	1964	,	03,	2,	46.2,	-2.12,	-2.12,	-1.07,	-2.12,	0,	523,	-.46,	-1.71,	-1.21,	-.94,	-.86,	-.22,	-.48,	34.2,	58,
04,	00,	1964	,	04,	.74,	52.5,	-2.29,	-2.29,	-1.16,	-2.29,	2,	369,	-.79,	-.83,	-1.91,	-1.29,	-.96,	-.89,	-.44,	39.5,	65.5,
04,	00,	1964	,	05,	1.03,	58.2,	.27,	-1.78,	.82,	-1.35,	13,	265,	.45,	-.45,	-.7,	-2.06,	-.93,	-.92,	-.4,	45.1,	71.2,
04,	00,	1964	,	06,	.63,	66.3,	.68,	-1.16,	1.3,	-.11,	60,	93,	1.08,	.75,	-.19,	-1.2,	-.95,	-.87,	-.33,	52.8,	79.8,
04,	00,	1964	,	07,	.17,	74.8,	1.03,	-.62,	1.26,	.94,	209,	4,	.15,	.97,	.74,	-1.66,	-1.17,	-.84,	-.33,	59.7,	89.8,
04,	00,	1964	,	08,	.14,	74,	.89,	-.6,	-.11,	.84,	207,	4,	-.37,	-.26,	.57,	-.56,	-2.05,	-.88,	-.33,	59.1,	88.8,
04,	00,	1964	,	09,	.14,	66.9,	.53,	-.8,	-.8,	.28,	87,	53,	-.71,	-.87,	-.8,	-.48,	-1.33,	-1.04,	-.36,	51.7,	82.2,
04,	00,	1964	,	10,	1.07,	63.8,	.18,	-1.01,	-.88,	-.24,	65,	87,	0,	-.38,	-.48,	-.08,	-1.7,	-1.27,	-.68,	49.6,	77.9,
04,	00,	1964	,	11,	3.99,	46.1,	.78,	.78,	1.84,	.78,	0,	468,	.94,	.75,	.63,	.71,	-.13,	-1.43,	-.36,	36.6,	55.7,
04,	00,	1964	,	12,	8.47,	45,	2.39,	2.39,	5.08,	2.39,	0,	529,	1.81,	1.87,	1.74,	1.63,	1.42,	.11,	.36,	37,	52.9,
04,	00,	1965	,	01,	3.83,	43.6,	2.29,	2.29,	.44,	2.29,	0,	544,	.07,	1.17,	1.36,	1.21,	1.27,	.13,	.42,	34.8,	52.5,
04,	00,	1965	,	02,	.78,	45.7,	-.89,	1.17,	-2.66,	-.07,	0,	477,	-1.5,	-.85,	.45,	.57,	.6,	.19,	.07,	33.8,	57.6,
04,	00,	1965	,	03,	1.46,	48.4,	-1.45,	-1.45,	-1.96,	-1.45,	0,	471,	-.85,	-1.75,	-1.15,	.31,	.26,	.16,	-.16,	37.2,	59.6,
04,	00,	1965	,	04,	3.94,	52.8,	1.18,	1.18,	3.54,	1.18,	2,	353,	1.69,	.44,	-.58,	.69,	.6,	.65,	-.21,	42.8,	62.8,
04,	00,	1965	,	05,	.19,	59.3,	.78,	.78,	-.83,	.16,	18,	225,	-1.46,	1.18,	.15,	.39,	.51,	.54,	-.3,	45.9,	72.7,
04,	00,	1965	,	06,	.32,	64.7,	.89,	.89,	.55,	.54,	36,	131,	.15,	-1.14,	1.13,	-.6,	.54,	.5,	-.31,	51.3,	78.1,
04,	00,	1965	,	07,	.28,	73.3,	1.25,	1.25,	1.38,	1.25,	160,	14,	.93,	.41,	-.89,	-.76,	.6,	.51,	-.28,	58.4,	88.2,
04,	00,	1965	,	08,	.65,	73.7,	1.82,	1.82,	2.08,	1.82,	229,	3,	1.83,	1.79,	1.3,	.35,	.47,	.59,	-.23,	59.9,	87.5,
04,	00,	1965	,	09,	.16,	64.6,	-.17,	1.46,	-.51,	1.14,	56,	81,	-.6,	.55,	.67,	1.21,	-.53,	.59,	-.33,	50.5,	78.8,
04,	00,	1965	,	10,	.17,	63,	-.97,	-.97,	-2.46,	-.97,	65,	86,	-1.43,	-1.6,	-.93,	-1.44,	-1.01,	.46,	-.53,	47.5,	78.6,
04,	00,	1965	,	11,	6.17,	50.7,	1.36,	1.36,	4.07,	1.36,	0,	358,	1.83,	1.26,	1.17,	1.34,	.88,	.79,	-.34,	41.8,	59.5,
04,	00,	1965	,	12,	4.03,	40.6,	1.56,	1.56,	1.02,	1.56,	0,	628,	.29,	1.27,	.91,	.99,	1.31,	.06,	.04,	31.9,	49.4,
04,	00,	1966	,	01,	3.05,	40.8,	-.08,	1.32,	-.23,	1.13,	0,	632,	-.25,	-.07,	.73,	.52,	.37,	-.12,	-.1,	30.8,	50.9,
04,	00,	1966	,	02,	1.89,	42.1,	-.49,	.76,	-1.27,	-.16,	0,	560,	-.72,	-.73,	-.5,	.03,	.13,	.07,	.12,	31.7,	52.5,
04,	00,	1966	,	03,	1.28,	49.9,	-1.23,	-1.23,	-2.37,	-1.23,	1,	420,	-1,	-1.24,	-1.1,	-.23,	-.17,	.1,	.04,	37.7,	62,
04,	00,	1966	,	04,	.71,	57.8,	-1.72,	-1.72,	-1.86,	-1.72,	18,	236,	-.83,	-1.43,	-1.49,	-.18,	-.34,	-.45,	.05,	43.5,	72,
04,	00,	1966	,	05,	.27,	63.8,	-2.11,	-2.11,	-1.7,	-2.11,	40,	155,	-1.13,	-1.42,	-1.85,	-1.15,	-.53,	-.43,	-.02,	49.6,	78,
04,	00,	1966	,	06,	.12,	68.8,	-2.58,	-2.58,	-2.06,	-2.58,	100,	55,	-.75,	-1.51,	-1.54,	-1.5,	-.51,	-.46,	-.08,	54.3,	83.2,
04,	00,	1966	,	07,	.17,	72.9,	-2.75,	-2.75,	-1.29,	-2.75,	171,	14,	.15,	-.67,	-1.55,	-1.9,	-.32,	-.48,	-.08,	57.7,	88,
04,	00,	1966	,	08,	.15,	75.8,	-2.7,	-2.7,	-.7,	-2.7,	254,	2,	-.3,	-.21,	-.82,	-2.2,	-1.23,	-.58,	-.07,	60.6,	91,
04,	00,	1966	,	09,	.32,	69,	-2.57,	-2.57,	-.46,	-2.57,	119,	31,	.03,	-.23,	-.26,	-1.73,	-1.61,	-.54,	-.06,	54.6,	83.5,
04,	00,	1966	,	10,	.21,	60.4,	-3.01,	-3.01,	-2.09,	-3.01,	33,	133,	-1.34,	-1.28,	-1.35,	-1.99,	-2.27,	-.56,	-.14,	46.1,	74.6,
04,	00,	1966	,	11,	4.81,	51,	.79,	-1.9,	2.38,	-.87,	0,	348,	1.3,	.73,	.69,	.55,	-.78,	-.88,	-.04,	41.1,	60.8,
04,	00,	1966	,	12,	5.74,	43.8,	1.49,	-.93,	2.35,	1.05,	0,	546,	.95,	1.37,	1.02,	.98,	.45,	-.52,	-.38,	35.4,	52.2,
04,	00,	1967	,	01,	6.12,	43.5,	2.34,	2.34,	3,	2.34,	0,	554,	.83,	1.08,	1.43,	1.16,	.97,	-.01,	-.19,	33.5,	53.5,
04,	00,	1967	,	02,	.4,	46.6,	1.06,	1.06,	-3.12,	-.38,	0,	437,	-1.86,	-.21,	.28,	.45,	.38,	-.3,	-.18,	34.5,	58.6,
04,	00,	1967	,	03,	4.23,	48,	1.45,	1.45,	1.5,	.66,	1,	479,	.69,	-.61,	.08,	.62,	.6,	.29,	.14,	37.4,	58.5,
04,	00,	1967	,	04,	4.44,	44.9,	3,	3,	5.1,	3,	0,	570,	1.93,	1.44,	.29,	1.15,	.97,	.84,	.19,	35.7,	54.2,
04,	00,	1967	,	05,	.59,	60.8,	2.65,	2.65,	-.11,	2.55,	26,	186,	-.28,	1.62,	1.32,	.83,	.93,	.89,	.26,	47.2,	74.5,
04,	00,	1967	,	06,	.66,	66.1,	2.86,	2.86,	1.43,	2.86,	49,	105,	1.15,	.23,	1.74,	.6,	.98,	.96,	.3,	52.7,	79.4,
04,	00,	1967	,	07,	.2,	76.8,	3.08,	3.08,	1.55,	3.08,	263,	1,	.38,	1.12,	.27,	.31,	1.14,	.96,	.29,	61.9,	91.7,
04,	00,	1967	,	08,	.33,	77.8,	2.81,	2.81,	.15,	2.81,	318,	0,	.69,	.67,	1.16,	1.4,	.89,	.99,	.27,	62.5,	93,
04,	00,	1967	,	09,	.59,	70.8,	2.62,	2.62,	.28,	2.62,	165,	14,	.69,	.74,	.72,	1.78,	.66,	1.02,	.31,	57.4,	84.2,
04,	00,	1967	,	10,	.74,	61.6,	-.41,	1.93,	-1.24,	1.34,	52,	106,	-.42,	-.24,	-.14,	-.15,	.23,	1.12,	.38,	47.1,	76,
04,	00,	1967	,	11,	2.63,	53.4,	-.53,	1.57,	-.49,	.73,	8,	271,	.24,	-.06,	.04,	.26,	1.17,	.83,	-.01,	42.6,	64.2,
04,	00,	1967	,	12,	2.82,	39.6,	-.78,	1.11,	-.91,	-.12,	0,	651,	-.27,	-.18,	-.33,	-.23,	.59,	.36,	-.17,	29.8,	49.4,
04,	00,	1968	,	01,	3.71,	41.7,	-.87,	.83,	-.5,	-.56,	0,	594,	.03,	-.23,	-.22,	-.26,	-.25,	-.09,	-.17,	31.1,	52.3,
04,	00,	1968	,	02,	2.72,	50.1,	-1.13,	-1.13,	-1.07,	-1.13,	0,	352,	-.27,	-.24,	-.42,	-.45,	-.35,	.31,	-.03,	40.6,	59.5,
04,	00,	1968	,	03,	2.41,	50.4,	-1.36,	-1.36,	-1.02,	-1.36,	1,	404,	-.2,	-.42,	-.36,	-.54,	-.47,	.05,	.1,	38.6,	62.2,
04,	00,	1968	,	04,	.52,	54,	-1.77,	-1.77,	-1.66,	-1.77,	6,	318,	-1.18,	-.71,	-.77,	-.64,	-.66,	-.64,	.08,	40.5,	67.5,
04,	00,	1968	,	05,	.63,	60.5,	-1.73,	-1.73,	-.41,	-1.73,	25,	196,	-.2,	-1.16,	-.82,	-.75,	-.72,	-.64,	.14,	47,	74.1,
04,	00,	1968	,	06,	.21,	70,	-1.82,	-1.82,	-.81,	-1.82,	104,	52,	-.3,	-.41,	-1.2,	-.68,	-.77,	-.72,	.16,	55,	84.9,
04,	00,	1968	,	07,	.36,	75.4,	-1.77,	-1.77,	-.42,	-1.77,	229,	2,	1.39,	.32,	-.11,	-.8,	-.66,	-.68,	.18,	60.6,	90.2,
04,	00,	1968	,	08,	.53,	70.9,	.3,	-1.29,	.91,	-.77,	153,	15,	1.45,	1.7,	.96,	-.59,	-.66,	-.64,	.23,	57.5,	84.3,
04,	00,	1968	,	09,	.07,	69.1,	-.39,	-1.54,	-1.16,	-1.52,	126,	28,	-1.29,	.11,	.44,	-.99,	-.64,	-.74,	.19,	54,	84.2,
04,	00,	1968	,	10,	1.41,	59.4,	.1,	-1.28,	.3,	-1.03,	23,	164,	.36,	-.08,	.22,	-.06,	-.7,	-.63,	.34,	46.4,	72.4,
04,	00,	1968	,	11,	2.67,	49.6,	.07,	-1.17,	-.06,	-.87,	0,	368,	.27,	.3,	.13,	.3,	-.5,	-.67,	.11,	40,	59.2,
04,	00,	1968	,	12,	5.13,	40,	.59,	.59,	1.59,	.59,	0,	645,	.73,	.58,	.59,	.64,	.18,	-.22,	.02,	30.6,	49.3,
04,	00,	1969	,	01,	10.8,	42.8,	3.24,	3.24,	8.12,	3.24,	0,	558,	1.95,	1.85,	1.8,	1.77,	1.71,	.99,	.53,	34.9,	50.6,
04,	00,	1969	,	02,	7.33,	41.5,	4.36,	4.36,	4.35,	4.36,	0,	571,	1.4,	2.14,	2.17,	2.08,	2.13,	1.71,	1.28,	33.6,	49.4,
04,	00,	1969	,	03,	1.39,	47,	-.63,	3.28,	-1.88,	2.5,	0,	498,	-.91,	.67,	1.63,	1.64,	1.65,	1.43,	.98,	35.3,	58.7,
04,	00,	1969	,	04,	1.74,	53.4,	-.49,	3.01,	.21,	2.27,	7,	339,	.32,	-.59,	.64,	1.58,	1.55,	1.51,	.67,	41.1,	65.7,
04,	00,	1969	,	05,	.34,	63.7,	-.74,	2.41,	-.88,	1.31,	40,	149,	-.9,	-.17,	-.88,	1.53,	1.44,	1.48,	.66,	49.7,	77.6,
04,	00,	1969	,	06,	.6,	66.8,	-.48,	2.34,	.55,	1.42,	61,	88,	1,	-.24,	.02,	1.5,	1.5,	1.51,	.66,	54.6,	79.1,
04,	00,	1969	,	07,	.24,	75.2,	-.2,	2.33,	.68,	1.62,	220,	3,	.67,	1.07,	-.14,	.59,	1.52,	1.5,	.66,	60.4,	90,
04,	00,	1969	,	08,	.05,	76.1,	-.42,	1.85,	-.71,	.88,	268,	2,	-1.23,	-.37,	.45,	-.76,	1.53,	1.44,	.64,	59.9,	92.2,
04,	00,	1969	,	09,	.26,	70.9,	-.62,	1.42,	-.73,	.2,	149,	20,	-.17,	-.75,	-.5,	-.17,	1.45,	1.46,	.6,	56.4,	85.4,
04,	00,	1969	,	10,	1.33,	56.4,	-.39,	1.43,	.49,	.4,	10,	221,	.28,	.04,	-.16,	-.41,	.5,	1.51,	.68,	43.9,	68.9,
04,	00,	1969	,	11,	1.34,	51,	-.95,	.69,	-1.8,	-.84,	5,	317,	-.62,	-.45,	-.56,	-.46,	-1.07,	1.4,	.55,	38.7,	63.2,
04,	00,	1969	,	12,	5.18,	45.1,	.34,	.96,	1.03,	-.2,	0,	512,	.75,	.18,	.19,	.12,	.06,	1.38,	.8,	35.2,	55.1,
04,	00,	1970	,	01,	8.16,	44.7,	1.81,	2.36,	4.51,	2.28,	0,	523,	1.37,	1.38,	1.03,	.95,	.89,	1.07,	1.4,	36.2,	53.2,
04,	00,	1970	,	02,	2.16,	48.3,	-.49,	1.63,	-1.46,	.88,	0,	400,	-.56,	.74,	.92,	.6,	.62,	.16,	1.19,	37.2,	59.3,
04,	00,	1970	,	03,	2.44,	49.4,	-.72,	1.18,	-.85,	.05,	0,	427,	-.18,	-.62,	.5,	.48,	.44,	.39,	1.2,	37.8,	60.8,
04,	00,	1970	,	04,	.68,	49.9,	-.96,	.74,	-.96,	-.75,	1,	415,	-.88,	-.6,	-.9,	.3,	.26,	.22,	1.19,	37.1,	62.8,
04,	00,	1970	,	05,	.22,	62.7,	-1.26,	-1.26,	-1.2,	-1.26,	39,	150,	-1.33,	-1.55,	-.96,	.41,	.19,	.21,	1.17,	48.3,	77.1,
04,	00,	1970	,	06,	.59,	69.4,	-1.21,	-1.21,	-.22,	-1.21,	98,	55,	.98,	-.47,	-1.05,	.2,	.25,	.21,	1.2,	55.2,	83.5,
04,	00,	1970	,	07,	.13,	76.5,	-1.31,	-1.31,	-.68,	-1.31,	251,	2,	-.21,	.76,	-.57,	-1.05,	.24,	.2,	1.18,	61.3,	91.7,
04,	00,	1970	,	08,	.19,	75.1,	-1.39,	-1.39,	-.67,	-1.39,	234,	4,	-.04,	-.21,	.5,	-.82,	.45,	.22,	1.14,	59.7,	90.6,
04,	00,	1970	,	09,	.04,	67.7,	-1.67,	-1.67,	-1.26,	-1.67,	110,	35,	-1.8,	-1.11,	-1.12,	-1.57,	.12,	.19,	1.14,	51.8,	83.6,
04,	00,	1970	,	10,	.97,	58,	-1.62,	-1.62,	-.37,	-1.62,	15,	190,	-.12,	-.62,	-.66,	-1.07,	-1.21,	.12,	1.12,	44.8,	71.3,
04,	00,	1970	,	11,	6.56,	50.9,	1.5,	1.5,	4.5,	1.5,	0,	347,	1.97,	1.69,	1.56,	1.59,	.46,	.93,	1.54,	40.9,	60.9,
04,	00,	1970	,	12,	5.67,	41.2,	2.27,	2.27,	2.78,	2.27,	0,	621,	.93,	1.81,	1.66,	1.53,	1.11,	.98,	1.59,	33.4,	49,
04,	00,	1971	,	01,	2.39,	42.8,	-.37,	1.67,	-1.1,	1.12,	0,	578,	-.56,	.2,	1.02,	.85,	.73,	.04,	.69,	32.7,	52.8,
04,	00,	1971	,	02,	.72,	45.1,	-1.22,	.6,	-2.68,	-1.15,	0,	490,	-1.55,	-1.5,	-.55,	.2,	.23,	-.24,	-.1,	33.7,	56.5,
04,	00,	1971	,	03,	3.26,	48,	-.98,	.66,	.34,	-.86,	1,	469,	.25,	-.87,	-1.06,	.31,	.24,	-.02,	.12,	36.1,	59.8,
04,	00,	1971	,	04,	1.18,	51.8,	-1.02,	-1.02,	-.43,	-1.02,	2,	391,	-.22,	.06,	-.95,	.27,	.16,	.08,	.06,	39.4,	64.1,
04,	00,	1971	,	05,	1.53,	57.3,	.69,	.69,	2.07,	.69,	10,	273,	1.06,	.32,	.3,	-.33,	.28,	.3,	.22,	45.6,	69.1,
04,	00,	1971	,	06,	.41,	66.8,	1.28,	1.28,	1.99,	1.28,	69,	84,	.45,	1.05,	.33,	-.86,	.34,	.28,	.2,	52.9,	80.7,
04,	00,	1971	,	07,	.15,	75.7,	1.74,	1.74,	1.79,	1.74,	225,	3,	-.02,	.29,	1.02,	-.66,	.39,	.28,	.19,	60.8,	90.6,
04,	00,	1971	,	08,	.32,	76,	1.71,	1.71,	.44,	1.71,	285,	1,	.64,	.45,	.42,	.35,	-.29,	.3,	.23,	61.5,	90.6,
04,	00,	1971	,	09,	.56,	68.5,	1.66,	1.66,	.39,	1.66,	138,	27,	.63,	.67,	.57,	.45,	-.81,	.38,	.25,	53.9,	83.1,
04,	00,	1971	,	10,	.51,	55.9,	-.33,	1.16,	-.99,	.59,	8,	237,	-.77,	-.55,	-.44,	.19,	-.77,	.31,	.17,	42.5,	69.3,
04,	00,	1971	,	11,	2.2,	47.9,	-.45,	.88,	-.47,	.03,	0,	434,	-.02,	-.43,	-.35,	-.27,	-.06,	-.5,	.28,	36.5,	59.3,
04,	00,	1971	,	12,	5.01,	38.7,	.49,	1.29,	1.48,	1.07,	0,	703,	.68,	.4,	.15,	.22,	.28,	-.62,	.25,	30.1,	47.4,
04,	00,	1972	,	01,	1.84,	39.9,	-.59,	.56,	-1.76,	-.57,	0,	648,	-.86,	-.13,	-.24,	-.36,	-.19,	-.8,	-.58,	29.4,	50.3,
04,	00,	1972	,	02,	1.98,	46.9,	-1.05,	-1.05,	-1.55,	-1.05,	0,	429,	-.66,	-1.17,	-.53,	-.7,	-.67,	-.56,	-.54,	35.6,	58.2,
04,	00,	1972	,	03,	1.16,	54.4,	-1.98,	-1.98,	-3.12,	-1.98,	9,	315,	-1.11,	-1.26,	-1.53,	-1.06,	-1.02,	-.91,	-.69,	41.3,	67.5,
04,	00,	1972	,	04,	1.41,	53.8,	-1.9,	-1.9,	-.37,	-1.9,	8,	322,	.02,	-.95,	-1.19,	-.9,	-.98,	-.81,	-.59,	41,	66.5,
04,	00,	1972	,	05,	.46,	62.2,	-1.95,	-1.95,	-.73,	-1.95,	34,	162,	-.57,	-.36,	-1.17,	-.98,	-1.09,	-1.06,	-.56,	47.9,	76.4,
04,	00,	1972	,	06,	.4,	69.8,	-1.97,	-1.97,	-.67,	-1.97,	112,	44,	.42,	-.38,	-.3,	-1.52,	-1.08,	-1.05,	-.58,	55.5,	84.1,
04,	00,	1972	,	07,	.03,	76.5,	-2.18,	-2.18,	-1.24,	-2.18,	258,	1,	-1.54,	-.13,	-.67,	-1.38,	-.99,	-1.08,	-.59,	61.1,	91.8,
04,	00,	1972	,	08,	.19,	74,	-2.19,	-2.19,	-.72,	-2.19,	223,	3,	-.04,	-.81,	-.28,	-1.23,	-1.01,	-1.11,	-.59,	59.3,	88.6,
04,	00,	1972	,	09,	.75,	66.6,	.33,	-1.64,	1,	-1.12,	93,	49,	.99,	.78,	.45,	-.17,	-1.51,	-1.06,	-.51,	53.1,	80.1,
04,	00,	1972	,	10,	1.79,	57.3,	.72,	-1.05,	1.26,	.06,	11,	201,	.72,	.93,	.87,	.31,	-.93,	-.79,	-.39,	46.8,	67.8,
04,	00,	1972	,	11,	4.23,	46.7,	1.33,	1.33,	2.07,	1.33,	0,	449,	1.05,	1.14,	1.27,	1.2,	.03,	-.44,	-.68,	37.7,	55.7,
04,	00,	1972	,	12,	2.97,	39,	1.09,	1.09,	-.31,	.83,	0,	655,	-.19,	.39,	.52,	.58,	.38,	-.82,	-1.04,	29.9,	48,
04,	00,	1973	,	01,	6.05,	40.2,	1.95,	1.95,	2.92,	1.95,	0,	651,	.81,	.44,	.73,	.88,	.76,	-.08,	-.65,	31.1,	49.3,
04,	00,	1973	,	02,	5.35,	45.8,	2.43,	2.43,	2.02,	2.43,	0,	462,	.79,	.97,	.7,	1.08,	1.06,	.51,	-.06,	37.2,	54.4,
04,	00,	1973	,	03,	3.34,	44.9,	2.44,	2.44,	.79,	2.44,	0,	574,	.29,	.66,	.86,	.96,	.98,	.87,	-.04,	35.4,	54.3,
04,	00,	1973	,	04,	.41,	53.9,	-.61,	1.58,	-1.82,	.73,	3,	335,	-1.43,	-.26,	.3,	.68,	.78,	.7,	-.12,	41,	66.8,
04,	00,	1973	,	05,	.41,	64.3,	-.98,	.98,	-1.31,	-.44,	46,	140,	-.7,	-1.7,	-.49,	.36,	.72,	.7,	-.24,	50,	78.5,
04,	00,	1973	,	06,	.06,	71,	-1.61,	-1.61,	-2.2,	-1.61,	139,	29,	-1.13,	-1.26,	-1.88,	.46,	.62,	.65,	-.28,	56,	85.9,
04,	00,	1973	,	07,	.06,	75.1,	-2.12,	-2.12,	-2.02,	-2.12,	199,	7,	-1.03,	-1.52,	-1.65,	.08,	.55,	.66,	-.29,	59.6,	90.5,
04,	00,	1973	,	08,	.17,	73.3,	-2.17,	-2.17,	-.81,	-2.17,	188,	9,	-.16,	-.74,	-1.32,	-.7,	.3,	.66,	-.3,	58.4,	88.3,
04,	00,	1973	,	09,	.53,	67.5,	.09,	-1.86,	.26,	-1.68,	85,	52,	.57,	.33,	.02,	-1.89,	.46,	.62,	-.31,	53.1,	81.9,
04,	00,	1973	,	10,	1.91,	58.9,	.51,	-1.24,	1.3,	-.41,	21,	169,	.83,	.85,	.77,	-.12,	.25,	.65,	-.13,	45.5,	72.3,
04,	00,	1973	,	11,	6.58,	47.9,	2.06,	2.06,	4.8,	2.06,	0,	444,	1.97,	2.01,	2.04,	1.87,	.92,	1.01,	.38,	39.2,	56.7,
04,	00,	1973	,	12,	4.06,	44.8,	2.14,	2.14,	.87,	2.14,	0,	524,	.3,	1.39,	1.49,	1.47,	.89,	1.14,	.26,	36,	53.6,
04,	00,	1974	,	01,	5.67,	41.5,	2.8,	2.8,	2.64,	2.8,	0,	609,	.7,	.61,	1.36,	1.46,	1.27,	1.17,	.68,	33,	50.1,
04,	00,	1974	,	02,	1.66,	44.4,	1.95,	1.95,	-1.66,	1.2,	0,	494,	-.86,	.02,	.09,	.96,	.87,	.53,	.61,	32.7,	56.1,
04,	00,	1974	,	03,	5.4,	49.3,	2.71,	2.71,	2.87,	2.71,	1,	454,	1.14,	.21,	.49,	1.18,	1.17,	.86,	1.09,	39.3,	59.3,
04,	00,	1974	,	04,	1.77,	52.5,	2.55,	2.55,	.36,	2.55,	5,	351,	.34,	1.02,	.22,	1.07,	1.14,	1.01,	1.11,	39.9,	65.1,
04,	00,	1974	,	05,	.17,	61.4,	-.35,	1.94,	-1.04,	1.43,	27,	196,	-1.56,	-.29,	.77,	.4,	1.05,	.99,	1.09,	47.3,	75.5,
04,	00,	1974	,	06,	.13,	70.8,	-.42,	1.64,	-.31,	.95,	120,	42,	-.69,	-1.85,	-.47,	.31,	1,	.99,	1.06,	55.4,	86.2,
04,	00,	1974	,	07,	.4,	74.2,	-.43,	1.41,	-.18,	.61,	214,	4,	1.6,	.2,	-1.12,	.05,	.97,	1.04,	1.1,	59.9,	88.4,
04,	00,	1974	,	08,	.19,	73.7,	-.48,	1.17,	-.28,	.24,	195,	7,	-.04,	.87,	0,	.75,	.4,	1.04,	1.1,	58.7,	88.7,
04,	00,	1974	,	09,	.01,	71.8,	-.94,	-.94,	-1.53,	-.94,	165,	16,	-3.09,	-1.27,	-.36,	-.64,	.28,	.97,	1.03,	56.2,	87.3,
04,	00,	1974	,	10,	1.55,	60.4,	-.7,	-.7,	.44,	-.7,	23,	152,	.5,	.01,	-.04,	-.76,	0,	.95,	1.02,	47.4,	73.5,
04,	00,	1974	,	11,	1.03,	49.5,	-1.3,	-1.3,	-2.03,	-1.3,	0,	376,	-.88,	-.51,	-.78,	-.79,	.11,	.07,	.69,	38.2,	60.7,
04,	00,	1974	,	12,	3.37,	42,	-1.4,	-1.4,	-.7,	-1.4,	0,	596,	0,	-.55,	-.41,	-.48,	-.7,	-.04,	.72,	32.7,	51.3,
04,	00,	1975	,	01,	1.58,	42.5,	-2.31,	-2.31,	-3.17,	-2.31,	0,	568,	-1.03,	-.73,	-1.05,	-1.06,	-1.22,	-.89,	.16,	31.2,	53.7,
04,	00,	1975	,	02,	5.41,	43.8,	.46,	-1.62,	1.37,	-.95,	0,	516,	.81,	-.08,	-.15,	-.51,	-.51,	-.17,	.19,	34.1,	53.5,
04,	00,	1975	,	03,	5.76,	46,	1.64,	1.64,	3.7,	1.64,	0,	534,	1.26,	1.26,	.49,	.16,	.13,	-.03,	.47,	36.4,	55.7,
04,	00,	1975	,	04,	2.08,	47.1,	1.94,	1.94,	1.41,	1.94,	0,	505,	.59,	1.21,	1.27,	.18,	.16,	.04,	.64,	36.3,	57.9,
04,	00,	1975	,	05,	.24,	60.8,	1.46,	1.46,	-.84,	1,	22,	203,	-1.24,	.03,	.99,	.35,	.07,	.06,	.65,	46.6,	74.9,
04,	00,	1975	,	06,	.2,	68,	1.34,	1.34,	.08,	.85,	72,	81,	-.34,	-1.34,	-.1,	.39,	.11,	.08,	.66,	53.5,	82.6,
04,	00,	1975	,	07,	.17,	73.8,	1.22,	1.22,	.07,	.72,	177,	12,	.15,	-.35,	-1.38,	1.07,	.06,	.04,	.68,	59.2,	88.3,
04,	00,	1975	,	08,	.33,	72.1,	1.25,	1.25,	.46,	.89,	161,	14,	.69,	.56,	-.05,	.96,	.35,	.07,	.7,	57.2,	87,
04,	00,	1975	,	09,	.34,	71,	.99,	.99,	-.38,	.42,	153,	18,	.09,	.26,	.2,	-.08,	.41,	.12,	.68,	56.4,	85.5,
04,	00,	1975	,	10,	2.61,	57.5,	1.82,	1.82,	2.79,	1.82,	11,	212,	1.38,	1.27,	1.31,	.54,	1.3,	.29,	.77,	45.2,	69.8,
04,	00,	1975	,	11,	1.19,	47.9,	-.49,	1.15,	-1.47,	.37,	0,	413,	-.75,	.17,	.13,	.1,	.77,	.28,	.18,	36.2,	59.6,
04,	00,	1975	,	12,	1.03,	44.7,	-1.5,	-1.5,	-3.2,	-1.5,	0,	533,	-1.36,	-1.41,	-.79,	-.8,	-.84,	-.12,	-.19,	33.6,	55.9,
04,	00,	1976	,	01,	.45,	44.4,	-3.03,	-3.03,	-5.06,	-3.03,	0,	512,	-2.02,	-2.3,	-2.05,	-1.57,	-1.75,	-.38,	-.89,	31.8,	56.9,
04,	00,	1976	,	02,	3.89,	46,	-3.14,	-3.14,	-1.24,	-3.14,	0,	461,	.25,	-.95,	-1.59,	-1.33,	-1.33,	-.69,	-.56,	35.5,	56.4,
04,	00,	1976	,	03,	1.4,	47.3,	-3.58,	-3.58,	-2.29,	-3.58,	0,	482,	-.9,	-.36,	-1.26,	-1.61,	-1.64,	-1.61,	-1.04,	35.2,	59.4,
04,	00,	1976	,	04,	1.49,	50.8,	-3.18,	-3.18,	.09,	-3.08,	1,	412,	.1,	-.74,	-.38,	-1.99,	-1.54,	-1.7,	-1.06,	38.7,	63,
04,	00,	1976	,	05,	.25,	63.2,	-3.6,	-3.6,	-2.24,	-3.6,	40,	151,	-1.2,	-.48,	-1.1,	-2.01,	-1.74,	-1.75,	-1.07,	48.6,	77.8,
04,	00,	1976	,	06,	.15,	67.9,	-3.97,	-3.97,	-2.23,	-3.97,	104,	52,	-.59,	-1.47,	-.64,	-1.4,	-1.72,	-1.77,	-1.07,	52.9,	82.9,
04,	00,	1976	,	07,	.34,	74.7,	-3.9,	-3.9,	-1.03,	-3.9,	211,	3,	1.28,	.07,	-1.01,	-.57,	-2.24,	-1.71,	-1.08,	60.3,	89,
04,	00,	1976	,	08,	.55,	69.7,	-3.19,	-3.19,	.93,	-2.77,	136,	21,	1.52,	1.7,	.82,	-.86,	-1.95,	-1.67,	-1.04,	56.3,	83.2,
04,	00,	1976	,	09,	1.31,	68,	-1.95,	-1.95,	2.73,	-.42,	112,	32,	1.78,	2.01,	2.19,	.42,	-1,	-1.38,	-.87,	55.8,	80.2,
04,	00,	1976	,	10,	.51,	60.5,	-2.26,	-2.26,	-1.52,	-1.31,	38,	123,	-.77,	.27,	.56,	-.15,	-.38,	-1.96,	-.97,	46.9,	74.1,
04,	00,	1976	,	11,	.86,	53.1,	-2.89,	-2.89,	-2.59,	-2.82,	9,	269,	-1.04,	-1.37,	-.72,	-.52,	-1.25,	-1.98,	-1.01,	40.6,	65.6,
04,	00,	1976	,	12,	.55,	43.9,	-3.86,	-3.86,	-3.82,	-3.86,	0,	513,	-1.76,	-1.76,	-1.88,	-1.4,	-1.63,	-2.08,	-1.39,	30.2,	57.6,
04,	00,	1977	,	01,	1.98,	41.3,	-4.64,	-4.64,	-3.53,	-4.64,	0,	584,	-.78,	-1.72,	-1.82,	-1.63,	-1.77,	-1.75,	-1.35,	31.5,	51.1,
04,	00,	1977	,	02,	1.16,	48.8,	-5.54,	-5.54,	-4.13,	-5.54,	0,	377,	-1.2,	-1.48,	-2.28,	-2.22,	-2.11,	-2.34,	-1.79,	35.8,	61.8,
04,	00,	1977	,	03,	1.64,	45.3,	-5.68,	-5.68,	-2.13,	-5.68,	0,	552,	-.71,	-1.43,	-1.61,	-2.97,	-2.53,	-2.56,	-2.33,	33.5,	57.1,
04,	00,	1977	,	04,	.23,	56.6,	-6.02,	-6.02,	-2.77,	-6.02,	12,	276,	-2.01,	-1.55,	-1.92,	-3.09,	-2.93,	-3.04,	-2.58,	42.2,	71.1,
04,	00,	1977	,	05,	1.88,	54.8,	-5.18,	-5.18,	.64,	-4.89,	4,	317,	1.41,	-.14,	-.71,	-2.45,	-2.64,	-2.48,	-2.5,	43.8,	65.9,
04,	00,	1977	,	06,	.35,	71.4,	-5.94,	-5.94,	-3.87,	-5.94,	117,	44,	.25,	1.33,	-.15,	-1.53,	-2.88,	-2.46,	-2.49,	57.1,	85.6,
04,	00,	1977	,	07,	.08,	74.8,	-6.29,	-6.29,	-2.88,	-6.29,	218,	4,	-.76,	-.13,	1.25,	-1.43,	-2.86,	-2.56,	-2.52,	59.4,	90.2,
04,	00,	1977	,	08,	.75,	75,	.34,	-5.3,	1.01,	-4.88,	242,	1,	2.12,	1.55,	1.14,	-.45,	-2.36,	-2.54,	-2.53,	61,	89,
04,	00,	1977	,	09,	.87,	67.8,	.72,	-4.34,	1.27,	-3.4,	102,	41,	1.18,	1.73,	1.59,	.46,	-1.27,	-2.69,	-2.38,	54.5,	81,
04,	00,	1977	,	10,	.5,	61.2,	-.55,	-4.44,	-1.65,	-4.05,	38,	128,	-.79,	-.2,	.32,	1,	-1.19,	-2.54,	-2.59,	47.8,	74.7,
04,	00,	1977	,	11,	2.18,	51.3,	-.77,	-4.26,	-.83,	-4.11,	6,	307,	-.03,	-.45,	-.19,	.05,	-.62,	-2,	-2.53,	39.4,	63.1,
04,	00,	1977	,	12,	5.91,	47.4,	.59,	-3.23,	1.76,	-2.38,	0,	419,	1.01,	.67,	.41,	.67,	.52,	-.76,	-1.85,	38.6,	56.2,
04,	00,	1978	,	01,	7.97,	45.4,	2.07,	-1.35,	4.64,	1.21,	0,	500,	1.32,	1.48,	1.31,	1.32,	1.46,	.31,	-.92,	38.2,	52.7,
04,	00,	1978	,	02,	5.77,	46.5,	2.66,	2.66,	2.4,	2.66,	0,	448,	.93,	1.42,	1.62,	1.43,	1.49,	1.08,	-.64,	37.8,	55.2,
04,	00,	1978	,	03,	5.75,	52.6,	3.35,	3.35,	2.88,	3.35,	4,	345,	1.26,	1.34,	1.63,	1.56,	1.66,	1.58,	-.13,	42.8,	62.3,
04,	00,	1978	,	04,	3.48,	51.5,	4,	4,	3.01,	4,	1,	385,	1.46,	1.58,	1.62,	1.82,	1.8,	1.88,	.1,	41.2,	61.9,
04,	00,	1978	,	05,	.38,	61.1,	3.4,	3.4,	-.57,	3.12,	37,	154,	-.78,	1.03,	1.41,	1.83,	1.66,	1.72,	.13,	47.1,	75.1,
04,	00,	1978	,	06,	.17,	69,	3.08,	3.08,	.1,	2.78,	109,	49,	-.49,	-1.04,	.9,	1.68,	1.58,	1.68,	.14,	54.3,	83.6,
04,	00,	1978	,	07,	.12,	74.8,	2.67,	2.67,	-.28,	2.21,	213,	4,	-.31,	-.67,	-1.2,	1.43,	1.7,	1.68,	.11,	59.7,	89.9,
04,	00,	1978	,	08,	.22,	73.8,	2.32,	2.32,	-.21,	1.73,	204,	6,	.14,	-.1,	-.6,	1.32,	1.77,	1.61,	.08,	59.1,	88.6,
04,	00,	1978	,	09,	1.31,	66.7,	3.01,	3.01,	2.79,	3.01,	120,	37,	1.78,	1.62,	1.52,	1.28,	1.77,	1.66,	.08,	53.4,	80,
04,	00,	1978	,	10,	.2,	63.7,	-.84,	1.87,	-2.51,	.78,	62,	89,	-1.36,	-.05,	-.07,	-.81,	1.35,	1.7,	.05,	49,	78.4,
04,	00,	1978	,	11,	1.96,	47,	-.98,	1.45,	-.69,	.07,	0,	454,	-.17,	-.78,	-.23,	-.36,	.95,	1.77,	.19,	36,	58,
04,	00,	1978	,	12,	1.53,	39.2,	-1.63,	-1.63,	-2.26,	-1.63,	0,	668,	-1.01,	-.89,	-1.2,	-.92,	-.46,	1.13,	.29,	29,	49.4,
04,	00,	1979	,	01,	5.05,	40.1,	.23,	-1.23,	.7,	-.8,	0,	647,	.5,	-.21,	-.37,	-.4,	-.57,	.73,	.62,	31.8,	48.3,
04,	00,	1979	,	02,	4.86,	43.4,	.77,	.77,	1.69,	.77,	0,	536,	.62,	.65,	.1,	-.09,	-.14,	.56,	1,	33.8,	53.1,
04,	00,	1979	,	03,	3.44,	49.2,	.84,	.84,	.42,	.84,	0,	454,	.34,	.56,	.61,	-.14,	.02,	.2,	1.21,	38.9,	59.4,
04,	00,	1979	,	04,	1.12,	53.6,	.51,	.51,	-.73,	.51,	7,	332,	-.28,	.11,	.38,	-.04,	-.05,	-.18,	1.28,	41.3,	65.8,
04,	00,	1979	,	05,	.84,	62.5,	.5,	.5,	.13,	.5,	36,	154,	.17,	-.28,	.08,	.07,	-.05,	-.1,	1.18,	48.9,	76.2,
04,	00,	1979	,	06,	.05,	69.6,	.23,	.23,	-.66,	-.38,	119,	41,	-1.21,	-.32,	-.53,	.41,	-.26,	-.11,	1.15,	53.8,	85.5,
04,	00,	1979	,	07,	.38,	74.5,	.15,	.15,	-.17,	-.4,	208,	6,	1.49,	-.13,	0,	.35,	-.04,	-.06,	1.18,	59.3,	89.6,
04,	00,	1979	,	08,	.45,	71.9,	.37,	.37,	.72,	.37,	173,	11,	1.17,	1.55,	.42,	.14,	.11,	-.02,	1.15,	57.8,	86,
04,	00,	1979	,	09,	.24,	72.2,	.07,	.07,	-.79,	-.37,	211,	7,	-.24,	.31,	.64,	-.29,	.46,	-.21,	1.09,	56.7,	87.6,
04,	00,	1979	,	10,	2.51,	61.1,	.78,	.78,	2.17,	.78,	28,	140,	1.31,	1.11,	1.25,	1.03,	.63,	.17,	1.32,	49.1,	73.2,
04,	00,	1979	,	11,	2.55,	48.2,	.68,	.68,	-.07,	.68,	0,	400,	.2,	.75,	.68,	.72,	.39,	.24,	1.38,	37.2,	59.3,
04,	00,	1979	,	12,	3.14,	45.7,	.31,	.31,	-.9,	-.32,	0,	472,	-.11,	-.1,	.29,	.38,	.11,	.5,	1.07,	34.5,	56.9,
04,	00,	1980	,	01,	6.63,	45.9,	1.12,	1.12,	2.54,	1.12,	0,	479,	.97,	.62,	.52,	.79,	.74,	.78,	.96,	37.7,	54.1,
04,	00,	1980	,	02,	7.51,	48.8,	2.33,	2.33,	3.96,	2.33,	0,	372,	1.45,	1.49,	1.23,	1.33,	1.34,	1.2,	1.08,	39.6,	58,
04,	00,	1980	,	03,	2.81,	47.3,	2.04,	2.04,	-.14,	1.92,	0,	482,	.02,	1.07,	1.24,	1.16,	1.19,	1.05,	.76,	36.7,	57.8,
04,	00,	1980	,	04,	1.68,	54.5,	1.83,	1.83,	-.01,	1.63,	8,	306,	.27,	.08,	1,	.96,	1.11,	1.08,	.56,	42.1,	66.9,
04,	00,	1980	,	05,	.88,	58.2,	1.86,	1.86,	.66,	1.86,	12,	261,	.23,	.21,	.07,	.99,	1.08,	1.09,	.63,	46,	70.3,
04,	00,	1980	,	06,	.33,	65.5,	2.06,	2.06,	1.17,	2.06,	62,	95,	.18,	.18,	.18,	1.15,	1.09,	1.12,	.65,	51.4,	79.6,
04,	00,	1980	,	07,	.2,	75.4,	2.38,	2.38,	1.61,	2.38,	240,	3,	.38,	.2,	.21,	.98,	.95,	1.1,	.66,	60.7,	90,
04,	00,	1980	,	08,	.04,	73,	-.16,	1.98,	-.47,	1.71,	194,	7,	-1.36,	-.67,	-.42,	.01,	.96,	1.05,	.65,	58.2,	87.8,
04,	00,	1980	,	09,	.22,	68.6,	-.35,	1.56,	-.64,	.96,	106,	38,	-.32,	-.96,	-.77,	-.08,	1.1,	1.04,	.52,	54,	83.2,
04,	00,	1980	,	10,	.57,	61.4,	-.82,	.9,	-1.52,	-.39,	39,	120,	-.67,	-.91,	-1.14,	-.97,	.71,	.81,	.58,	47.1,	75.7,
04,	00,	1980	,	11,	.63,	51.2,	-1.63,	-1.63,	-2.67,	-1.63,	4,	333,	-1.26,	-1.51,	-1.75,	-1.89,	-1.04,	.51,	.44,	38.4,	64,
04,	00,	1980	,	12,	2.62,	47.1,	-2.09,	-2.09,	-1.88,	-2.09,	0,	437,	-.37,	-.98,	-1.15,	-1.33,	-1.2,	.42,	.55,	35.8,	58.3,
04,	00,	1981	,	01,	4.39,	46.7,	-2.11,	-2.11,	-.72,	-2.11,	0,	465,	.28,	-.09,	-.6,	-.86,	-.84,	.01,	.44,	37.1,	56.2,
04,	00,	1981	,	02,	2.08,	47.7,	-2.54,	-2.54,	-1.94,	-2.54,	0,	394,	-.61,	-.23,	-.47,	-1.08,	-1.11,	-1.05,	.12,	36.7,	58.7,
04,	00,	1981	,	03,	4.04,	48.7,	-1.88,	-1.88,	1.2,	-1.3,	0,	460,	.61,	-.08,	.03,	-.69,	-.77,	-.74,	.2,	38.6,	58.8,
04,	00,	1981	,	04,	.97,	56.5,	-2.12,	-2.12,	-1.31,	-2.04,	13,	275,	-.46,	.29,	-.28,	-.65,	-.85,	-.83,	.18,	43.5,	69.4,
04,	00,	1981	,	05,	.9,	61.9,	-1.87,	-1.87,	.11,	-1.68,	35,	162,	.26,	-.36,	.28,	-.28,	-.8,	-.84,	.21,	49,	74.8,
04,	00,	1981	,	06,	.09,	73.2,	-2.03,	-2.03,	-1.07,	-2.03,	207,	13,	-.93,	-.15,	-.57,	-.16,	-.79,	-.88,	.21,	58.3,	88.2,
04,	00,	1981	,	07,	.04,	75.5,	-2.5,	-2.5,	-2.01,	-2.5,	242,	4,	-1.35,	-1.46,	-.4,	-.37,	-.71,	-.91,	.18,	59.8,	91.2,
04,	00,	1981	,	08,	.1,	75.8,	-2.64,	-2.64,	-1.21,	-2.64,	260,	2,	-.7,	-1.55,	-1.54,	.09,	-.37,	-.9,	.15,	60.1,	91.4,
04,	00,	1981	,	09,	.58,	70.4,	.07,	-2.3,	.21,	-2.15,	145,	22,	.67,	.28,	-.07,	-.63,	-.17,	-.82,	.18,	56.3,	84.6,
04,	00,	1981	,	10,	2.44,	56.7,	.91,	-1.21,	2.55,	.08,	9,	225,	1.25,	1.32,	1.19,	.77,	-.01,	-.46,	.18,	44.8,	68.6,
04,	00,	1981	,	11,	5.99,	51.8,	2.12,	2.12,	3.91,	2.12,	4,	322,	1.76,	1.99,	2.04,	1.84,	1.35,	.44,	.58,	41.8,	61.9,
04,	00,	1981	,	12,	4.62,	46.7,	2.32,	2.32,	1.24,	2.32,	0,	465,	.53,	1.38,	1.62,	1.58,	1.27,	.75,	.73,	37.8,	55.6,
04,	00,	1982	,	01,	4.24,	40.4,	2.45,	2.45,	1.13,	2.45,	0,	640,	.23,	.4,	1.07,	1.28,	1.18,	.76,	.43,	30.9,	50,
04,	00,	1982	,	02,	2.95,	46.9,	2.02,	2.02,	-.53,	1.73,	0,	421,	-.16,	-.02,	.18,	1.03,	.93,	.88,	-.09,	36.5,	57.2,
04,	00,	1982	,	03,	5.78,	46.8,	3.03,	3.03,	3.64,	3.03,	0,	504,	1.27,	.67,	.54,	1.28,	1.26,	1.11,	.25,	37.4,	56.2,
04,	00,	1982	,	04,	3.64,	52.1,	3.78,	3.78,	3.18,	3.78,	5,	357,	1.54,	1.62,	1.08,	1.35,	1.46,	1.4,	.47,	40.5,	63.8,
04,	00,	1982	,	05,	.22,	61.7,	3.07,	3.07,	-.96,	2.63,	29,	179,	-1.33,	1.03,	1.42,	.82,	1.39,	1.33,	.42,	47.9,	75.6,
04,	00,	1982	,	06,	.68,	66.4,	3.07,	3.07,	.97,	2.96,	52,	102,	1.2,	-.31,	1.17,	.78,	1.4,	1.39,	.46,	53.4,	79.3,
04,	00,	1982	,	07,	.23,	73.1,	3.1,	3.1,	1.02,	3.1,	185,	10,	.6,	1.24,	-.22,	1,	1.29,	1.41,	.46,	58.9,	87.3,
04,	00,	1982	,	08,	.36,	73.9,	3.09,	3.09,	.93,	3.09,	225,	4,	.82,	.87,	1.34,	1.51,	.89,	1.43,	.5,	59.7,	88.1,
04,	00,	1982	,	09,	1.26,	67.1,	3.68,	3.68,	2.73,	3.68,	119,	37,	1.72,	1.73,	1.78,	1.6,	.95,	1.51,	.61,	54.6,	79.6,
04,	00,	1982	,	10,	2.66,	58.4,	4.23,	4.23,	2.8,	4.23,	26,	156,	1.41,	1.98,	2.04,	1.79,	1.42,	1.6,	.85,	46.1,	70.7,
04,	00,	1982	,	11,	5.05,	46.7,	4.89,	4.89,	3.29,	4.89,	0,	437,	1.4,	1.75,	2.02,	2.15,	2.43,	1.56,	1.34,	37.3,	56.1,
04,	00,	1982	,	12,	4.92,	42.5,	4.99,	4.99,	1.8,	4.99,	0,	576,	.65,	1.21,	1.51,	1.75,	2.01,	1.56,	1.57,	33.6,	51.3,
04,	00,	1983	,	01,	5.93,	44.2,	5.38,	5.38,	2.73,	5.38,	0,	513,	.77,	.86,	1.28,	1.69,	1.62,	1.97,	2,	35.1,	53.3,
04,	00,	1983	,	02,	6.8,	46.8,	5.97,	5.97,	3.43,	5.97,	0,	430,	1.25,	1.23,	1.3,	1.97,	2.04,	2.54,	2.23,	38.5,	55.2,
04,	00,	1983	,	03,	9.02,	48.6,	7.85,	7.85,	7.49,	7.85,	0,	441,	2.23,	2.19,	1.95,	2.31,	2.4,	2.58,	2.75,	40.5,	56.7,
04,	00,	1983	,	04,	3.12,	49.8,	7.93,	7.93,	2.66,	7.93,	1,	414,	1.26,	2.23,	2.33,	2.25,	2.42,	2.38,	2.88,	39.3,	60.2,
04,	00,	1983	,	05,	.53,	61.3,	7.02,	7.02,	-.27,	6.87,	30,	170,	-.41,	.91,	2.13,	1.95,	2.35,	2.41,	2.79,	47.9,	74.8,
04,	00,	1983	,	06,	.23,	67.5,	6.42,	6.42,	.36,	6.34,	82,	68,	-.21,	-.57,	.81,	1.96,	2.24,	2.33,	2.77,	53.6,	81.4,
04,	00,	1983	,	07,	.1,	71.9,	5.83,	5.83,	.2,	5.77,	182,	10,	-.52,	-.51,	-.73,	2.15,	2.13,	2.31,	2.79,	57.3,	86.4,
04,	00,	1983	,	08,	1.14,	73.7,	6.45,	6.45,	3.68,	6.45,	260,	2,	3.05,	2.45,	1.77,	2.21,	2,	2.37,	2.83,	60.6,	86.8,
04,	00,	1983	,	09,	.91,	71,	6.29,	6.29,	1.52,	6.29,	208,	10,	1.24,	2.21,	2.13,	1.44,	2.09,	2.34,	2.92,	57.8,	84.2,
04,	00,	1983	,	10,	1.18,	61.4,	5.53,	5.53,	-.35,	5.35,	52,	103,	.12,	.53,	1.28,	.72,	2.31,	2.31,	2.87,	49.3,	73.4,
04,	00,	1983	,	11,	6.55,	49.2,	6.52,	6.52,	4.67,	6.52,	0,	386,	1.96,	1.76,	1.92,	2.12,	3.01,	2.68,	2.94,	40.4,	57.9,
04,	00,	1983	,	12,	6.95,	45.2,	7.14,	7.14,	3.89,	7.14,	0,	505,	1.35,	2.13,	2.02,	2.29,	2.36,	2.82,	3.09,	37.6,	52.8,
04,	00,	1984	,	01,	.33,	45.4,	-1.2,	5.21,	-3.6,	3.85,	0,	491,	-2.17,	-.01,	.85,	1.1,	.97,	2.44,	3.09,	35.1,	55.7,
04,	00,	1984	,	02,	2.2,	46.1,	-1.53,	4.21,	-1.37,	2.35,	0,	443,	-.54,	-1.81,	-.37,	.54,	.67,	1.74,	2.79,	34.4,	57.6,
04,	00,	1984	,	03,	1.67,	52,	-2.09,	3.06,	-2.15,	.48,	5,	352,	-.69,	-.92,	-1.85,	.19,	.42,	.56,	2.36,	39.7,	64.3,
04,	00,	1984	,	04,	1.21,	52.9,	-2.05,	2.58,	-.51,	-.08,	6,	331,	-.18,	-.74,	-.98,	.13,	.35,	.25,	2.04,	40.6,	65.1,
04,	00,	1984	,	05,	.39,	65.3,	-2.18,	1.97,	-1.03,	-.89,	80,	98,	-.75,	-.62,	-1.01,	-.77,	.13,	.24,	2.05,	50.7,	79.8,
04,	00,	1984	,	06,	.43,	68.2,	-2.15,	1.57,	-.59,	-1.29,	100,	55,	.52,	-.45,	-.51,	-1.88,	.06,	.28,	2.01,	54.2,	82.2,
04,	00,	1984	,	07,	.59,	77,	.16,	1.56,	.47,	-.98,	311,	1,	2.44,	1.49,	.21,	-.94,	.14,	.35,	2.05,	62.8,	91.2,
04,	00,	1984	,	08,	.61,	74.9,	.5,	1.76,	1.08,	-.36,	274,	2,	1.71,	2.37,	2.09,	-.46,	-.55,	.28,	2.05,	60.8,	89,
04,	00,	1984	,	09,	.27,	72.2,	.2,	1.33,	-.76,	-.84,	261,	7,	-.13,	.67,	1.27,	.03,	-1.7,	.17,	1.98,	57.9,	86.5,
04,	00,	1984	,	10,	1.61,	56.2,	.53,	1.54,	1.05,	-.26,	12,	209,	.56,	.33,	.66,	.55,	-.66,	.24,	1.92,	45,	67.5,
04,	00,	1984	,	11,	6.14,	47.6,	1.91,	2.82,	4.3,	1.66,	0,	437,	1.82,	1.76,	1.71,	1.97,	.77,	.13,	2.05,	38.4,	56.7,
04,	00,	1984	,	12,	2.87,	40.8,	-.06,	2.47,	-.18,	1.28,	0,	627,	-.24,	.94,	.98,	1.16,	.87,	-.6,	1.83,	32.7,	48.8,
04,	00,	1985	,	01,	.81,	41.7,	-.98,	1.28,	-2.78,	-.49,	0,	609,	-1.63,	-1.2,	-.05,	.09,	.08,	-.58,	1.43,	31.9,	51.5,
04,	00,	1985	,	02,	1.85,	45.2,	-1.39,	.64,	-1.53,	-1.33,	0,	472,	-.74,	-1.74,	-1.54,	-.37,	-.19,	-.66,	.73,	33.3,	57.2,
04,	00,	1985	,	03,	2.88,	46.4,	-1.23,	.59,	.05,	-1.21,	0,	522,	.06,	-.57,	-1.33,	-.31,	-.18,	-.34,	.04,	35.1,	57.8,
04,	00,	1985	,	04,	.24,	58.2,	-1.97,	-1.97,	-2.61,	-1.97,	19,	228,	-1.97,	-.6,	-1.02,	-.64,	-.5,	-.49,	-.28,	44.3,	72.1,
04,	00,	1985	,	05,	.2,	61.2,	-2.4,	-2.4,	-1.89,	-2.4,	27,	191,	-1.42,	-2.71,	-.97,	-1.88,	-.7,	-.53,	-.31,	47.2,	75.1,
04,	00,	1985	,	06,	.21,	72.3,	-2.88,	-2.88,	-2.17,	-2.88,	149,	26,	-.3,	-1.44,	-2.31,	-1.9,	-.69,	-.56,	-.31,	57,	87.6,
04,	00,	1985	,	07,	.28,	77.2,	-3.18,	-3.18,	-1.79,	-3.18,	300,	0,	.93,	.07,	-1.15,	-1.28,	-.77,	-.62,	-.28,	62.5,	91.8,
04,	00,	1985	,	08,	.07,	73,	-3.27,	-3.27,	-1.26,	-3.27,	199,	7,	-.99,	-.06,	-.45,	-1.06,	-2.01,	-.73,	-.41,	57.5,	88.4,
04,	00,	1985	,	09,	1.08,	64.4,	.71,	-2.22,	2.13,	-1.31,	69,	69,	1.48,	1.11,	1.21,	-1.26,	-1.73,	-.56,	-.39,	51.9,	76.8,
04,	00,	1985	,	10,	1.15,	58.9,	.59,	-2.04,	-.14,	-1.15,	23,	165,	.09,	.66,	.49,	-.26,	-1.01,	-.68,	-.38,	45.8,	71.9,
04,	00,	1985	,	11,	3.84,	46,	1.08,	-1.28,	1.66,	.26,	0,	458,	.87,	.72,	1,	.91,	-.12,	-1.21,	-.71,	36.4,	55.7,
04,	00,	1985	,	12,	2.09,	43.4,	.44,	-1.68,	-1.58,	-.74,	0,	525,	-.66,	-.02,	-.05,	.15,	-.52,	-1.36,	-1.35,	33.4,	53.3,
04,	00,	1986	,	01,	3.8,	48.8,	.16,	-1.74,	-.72,	-1.04,	5,	394,	.06,	-.42,	-.08,	.02,	-.14,	-.8,	-.96,	39,	58.6,
04,	00,	1986	,	02,	9.33,	48.8,	2.1,	2.1,	5.86,	2.1,	0,	389,	1.93,	1.3,	.87,	1.11,	1.07,	.58,	-.07,	39.6,	58,
04,	00,	1986	,	03,	4.7,	53.6,	2.36,	2.36,	1.43,	2.36,	5,	336,	.88,	1.85,	1.38,	1.13,	1.21,	.87,	.28,	42.2,	64.8,
04,	00,	1986	,	04,	1,	54.6,	-.34,	1.77,	-1.03,	1.26,	9,	303,	-.43,	.55,	1.63,	1.02,	1.05,	.94,	.26,	42.3,	66.9,
04,	00,	1986	,	05,	.7,	62.2,	-.37,	1.52,	-.2,	.87,	35,	163,	-.07,	-.52,	.46,	.84,	1.04,	1.02,	.31,	48.3,	76.1,
04,	00,	1986	,	06,	.08,	71.2,	-.68,	1.02,	-1.05,	-.11,	127,	36,	-.99,	-.53,	-.75,	1.12,	.91,	1,	.28,	56.5,	85.8,
04,	00,	1986	,	07,	.22,	72.9,	-.94,	.58,	-.99,	-.9,	177,	11,	.53,	-.63,	-.45,	1.5,	.96,	.99,	.24,	58.5,	87.4,
04,	00,	1986	,	08,	.12,	76,	-1.09,	-1.09,	-.73,	-1.09,	257,	1,	-.53,	-.1,	-.89,	.34,	.79,	.99,	.19,	61,	91.1,
04,	00,	1986	,	09,	1.4,	63.5,	1.07,	1.07,	3.21,	1.07,	44,	100,	1.88,	1.61,	1.64,	.04,	1.25,	1.03,	.31,	51.1,	75.8,
04,	00,	1986	,	10,	.64,	59.1,	-.37,	.59,	-1.12,	-.3,	20,	161,	-.57,	.49,	.36,	-.1,	1.5,	1,	.21,	46.1,	72.2,
04,	00,	1986	,	11,	.77,	51.7,	-1.19,	-1.19,	-2.56,	-1.19,	5,	304,	-1.12,	-1.34,	-.64,	-.84,	-.22,	.54,	-.41,	39.3,	64.1,
04,	00,	1986	,	12,	1.49,	44.1,	-2.01,	-2.01,	-2.84,	-2.01,	0,	521,	-1.03,	-1.39,	-1.49,	-1.19,	-1.47,	.44,	-.6,	34,	54.1,
04,	00,	1987	,	01,	3.07,	41.4,	-2.48,	-2.48,	-2.04,	-2.48,	0,	607,	-.24,	-.87,	-1.23,	-1.13,	-1.2,	.31,	-.4,	31.4,	51.5,
04,	00,	1987	,	02,	2.79,	46.2,	-2.78,	-2.78,	-1.64,	-2.78,	0,	453,	-.24,	-.41,	-.95,	-1.16,	-1.24,	-.95,	-.24,	35.4,	56.9,
04,	00,	1987	,	03,	3.59,	48.6,	-2.33,	-2.33,	.49,	-2.06,	0,	451,	.41,	0,	-.22,	-1.14,	-.93,	-1.13,	-.15,	37.6,	59.4,
04,	00,	1987	,	04,	.4,	59.3,	-2.93,	-2.93,	-2.52,	-2.93,	27,	198,	-1.45,	-.14,	-.38,	-1.25,	-1.15,	-1.21,	-.13,	44.5,	74.1,
04,	00,	1987	,	05,	.63,	63.5,	-3.05,	-3.05,	-1.26,	-3.05,	49,	126,	-.2,	-1.34,	-.26,	-.95,	-1.17,	-1.25,	-.06,	50.3,	76.7,
04,	00,	1987	,	06,	.2,	71,	-3.4,	-3.4,	-2.02,	-3.4,	121,	40,	-.34,	-.43,	-1.37,	-.56,	-1.42,	-1.22,	-.06,	56.1,	85.8,
04,	00,	1987	,	07,	.25,	70.9,	-3.44,	-3.44,	-1.16,	-3.44,	122,	26,	.74,	-.07,	-.31,	-.45,	-1.32,	-1.21,	-.06,	56.6,	85.2,
04,	00,	1987	,	08,	.04,	74.3,	-3.4,	-3.4,	-.95,	-3.4,	197,	6,	-1.36,	-.37,	-.67,	-.36,	-1.02,	-1.23,	-.06,	59,	89.5,
04,	00,	1987	,	09,	.1,	69.8,	-3.44,	-3.44,	-1.17,	-3.44,	139,	23,	-.99,	-1.68,	-1.01,	-1.93,	-.66,	-1.57,	-.18,	54.8,	84.8,
04,	00,	1987	,	10,	1.33,	64,	-3.23,	-3.23,	-.43,	-3.23,	67,	78,	.28,	-.13,	-.35,	-.67,	-.55,	-1.38,	-.14,	51,	77,
04,	00,	1987	,	11,	2.27,	49.4,	-3.08,	-3.08,	-.53,	-3.08,	0,	378,	.03,	.07,	-.1,	-.24,	-.5,	-1.06,	-.33,	39.6,	59.2,
04,	00,	1987	,	12,	5.04,	40.9,	-2.3,	-2.3,	1.36,	-1.69,	0,	633,	.7,	.43,	.42,	.31,	-.18,	-.34,	.01,	32.7,	49.1,
04,	00,	1988	,	01,	3.84,	42.7,	-1.99,	-1.99,	.22,	-1.25,	0,	555,	.08,	.41,	.26,	.16,	.08,	-.25,	-.07,	33.3,	52.2,
04,	00,	1988	,	02,	.8,	48.5,	-2.76,	-2.76,	-2.9,	-2.76,	0,	379,	-1.48,	-.84,	-.32,	-.41,	-.47,	-.65,	-1.01,	35.2,	61.8,
04,	00,	1988	,	03,	.59,	51.6,	-3.63,	-3.63,	-3.48,	-3.63,	5,	348,	-1.76,	-2.35,	-1.44,	-.79,	-.89,	-1.22,	-1.51,	37.9,	65.2,
04,	00,	1988	,	04,	2.42,	55.2,	-2.95,	-2.95,	.93,	-2.52,	11,	282,	.83,	-.66,	-1.52,	-.61,	-.67,	-.72,	-1.33,	43,	67.5,
04,	00,	1988	,	05,	.91,	60.3,	-2.48,	-2.48,	.48,	-1.82,	29,	185,	.28,	.72,	-.62,	-.57,	-.61,	-.67,	-1.34,	46.6,	73.9,
04,	00,	1988	,	06,	.57,	68.2,	-1.88,	-1.88,	1.05,	-.77,	83,	68,	.92,	.53,	.82,	-.96,	-.5,	-.58,	-1.28,	54.3,	82.2,
04,	00,	1988	,	07,	.09,	77.6,	-1.54,	-1.54,	.44,	-.27,	276,	0,	-.64,	.59,	.42,	-1.41,	-.55,	-.61,	-1.3,	62.5,	92.7,
04,	00,	1988	,	08,	.41,	74.5,	-1.32,	-1.32,	.18,	0,	214,	2,	1.02,	.56,	.89,	-.42,	-.49,	-.54,	-1.27,	59.7,	89.4,
04,	00,	1988	,	09,	.11,	69.4,	-1.56,	-1.56,	-1.13,	-.64,	122,	29,	-.92,	-.09,	-.34,	.67,	-1.03,	-.53,	-1.43,	54.2,	84.7,
04,	00,	1988	,	10,	.1,	64.6,	-2.34,	-2.34,	-2.83,	-2.27,	58,	93,	-1.61,	-1.81,	-1.44,	-1.02,	-1.81,	-.81,	-1.46,	50.1,	79.1,
04,	00,	1988	,	11,	4.2,	49.8,	-1.52,	-1.52,	1.76,	-.64,	0,	376,	1.04,	.41,	.26,	.41,	-.3,	-.47,	-1.05,	40.1,	59.5,
04,	00,	1988	,	12,	3.06,	42.5,	-1.52,	-1.52,	-.49,	-.82,	0,	574,	-.15,	.41,	.04,	-.02,	.28,	-.84,	-.86,	32.3,	52.7,
04,	00,	1989	,	01,	1.59,	40.9,	-2.11,	-2.11,	-2.22,	-2.11,	0,	615,	-1.02,	-.83,	-.29,	-.6,	-.55,	-1.4,	-1.09,	30,	51.8,
04,	00,	1989	,	02,	1.57,	42.7,	-2.43,	-2.43,	-1.64,	-2.43,	0,	530,	-.91,	-1.47,	-1.3,	-1.05,	-.96,	-1.22,	-1.17,	32.2,	53.2,
04,	00,	1989	,	03,	5.1,	51.8,	-1.46,	-1.46,	2.17,	-.46,	6,	365,	1.03,	.09,	-.51,	-.42,	-.46,	-.25,	-1,	41,	62.5,
04,	00,	1989	,	04,	.83,	60,	-1.97,	-1.97,	-1.98,	-1.77,	33,	186,	-.65,	.63,	-.16,	-.33,	-.56,	-.52,	-.94,	46.4,	73.5,
04,	00,	1989	,	05,	.77,	61.4,	-1.94,	-1.94,	-.51,	-1.88,	31,	174,	.05,	-.62,	.56,	-.73,	-.61,	-.55,	-.93,	48.2,	74.7,
04,	00,	1989	,	06,	.31,	69.5,	-2.05,	-2.05,	-.94,	-2.05,	105,	49,	.11,	-.01,	-.62,	-.69,	-.54,	-.59,	-.92,	55.4,	83.7,
04,	00,	1989	,	07,	.04,	75.3,	-2.26,	-2.26,	-1.25,	-2.26,	238,	4,	-1.35,	-.43,	-.24,	-.21,	-.37,	-.6,	-.95,	59.8,	90.8,
04,	00,	1989	,	08,	.29,	72.1,	-2.08,	-2.08,	-.16,	-2.08,	165,	13,	.5,	-.15,	-.22,	.52,	-.74,	-.62,	-.92,	57.5,	86.6,
04,	00,	1989	,	09,	1.33,	68.1,	.92,	-.95,	2.75,	.37,	118,	35,	1.8,	1.73,	1.53,	.07,	-.48,	-.38,	-.76,	53.9,	82.4,
04,	00,	1989	,	10,	1.95,	58.9,	1.28,	1.28,	1.38,	1.28,	22,	165,	.86,	1.52,	1.53,	1.22,	.24,	-.06,	-.66,	46,	71.7,
04,	00,	1989	,	11,	1.05,	51.8,	-.74,	-.74,	-2.23,	-.74,	6,	303,	-.87,	-.26,	.23,	.17,	.42,	-.7,	-.83,	38.6,	65,
04,	00,	1989	,	12,	.12,	44.8,	-2.11,	-2.11,	-4.34,	-2.11,	0,	492,	-2.19,	-1.87,	-1.41,	-1.13,	-1.37,	-1.3,	-1.48,	32.2,	57.4,
04,	00,	1990	,	01,	3.72,	43.1,	-2.47,	-2.47,	-1.72,	-2.47,	0,	552,	.03,	-1.14,	-1.36,	-.86,	-.91,	-.93,	-1.48,	32.7,	53.6,
04,	00,	1990	,	02,	2.36,	42.7,	-2.86,	-2.86,	-1.95,	-2.86,	0,	535,	-.45,	-.35,	-1.31,	-1.07,	-1.09,	-.77,	-1.24,	31.5,	53.8,
04,	00,	1990	,	03,	1.3,	51.4,	-3.51,	-3.51,	-2.82,	-3.51,	1,	397,	-.99,	-1.01,	-.75,	-1.63,	-1.43,	-1.58,	-1.17,	39.2,	63.5,
04,	00,	1990	,	04,	.83,	58.4,	-3.81,	-3.81,	-1.98,	-3.81,	19,	225,	-.65,	-1.3,	-1.22,	-2.01,	-1.48,	-1.51,	-1.35,	45.7,	71,
04,	00,	1990	,	05,	2.46,	60.2,	-2.71,	-2.71,	2.12,	-1.82,	25,	193,	1.91,	.7,	-.28,	-1.27,	-1.09,	-1.12,	-1.19,	47.4,	73,
04,	00,	1990	,	06,	.18,	69.4,	-2.85,	-2.85,	-1.26,	-2.41,	125,	40,	-.44,	1.69,	.56,	-.52,	-1.32,	-1.14,	-1.24,	54.8,	84,
04,	00,	1990	,	07,	.28,	76.4,	-2.83,	-2.83,	-.84,	-2.65,	273,	1,	.93,	-.03,	1.79,	-.6,	-1.56,	-1.08,	-1.22,	62,	90.8,
04,	00,	1990	,	08,	.36,	73.7,	-2.54,	-2.54,	0,	-2.3,	215,	2,	.82,	1.03,	.27,	-.22,	-1.25,	-1.07,	-1.24,	59.8,	87.7,
04,	00,	1990	,	09,	.41,	69.9,	-2.36,	-2.36,	-.23,	-2.14,	146,	21,	.28,	.47,	.6,	.67,	-.46,	-1.28,	-1.19,	55.7,	84.1,
04,	00,	1990	,	10,	.47,	62,	-2.71,	-2.71,	-1.8,	-2.71,	56,	99,	-.84,	-.79,	-.61,	.77,	-.77,	-1.68,	-1.11,	47.4,	76.5,
04,	00,	1990	,	11,	.71,	50,	-3.26,	-3.26,	-2.47,	-3.26,	4,	347,	-1.18,	-1.53,	-1.58,	-1.48,	-1.19,	-1.74,	-1.59,	37.5,	62.4,
04,	00,	1990	,	12,	.91,	38.4,	-3.95,	-3.95,	-3.09,	-3.95,	0,	656,	-1.45,	-1.67,	-1.81,	-1.82,	-1.4,	-1.52,	-1.9,	26.8,	50,
04,	00,	1991	,	01,	1,	43.6,	-5.07,	-5.07,	-4.58,	-5.07,	0,	537,	-1.46,	-2.04,	-2.07,	-2.24,	-1.69,	-2.23,	-1.87,	32.6,	54.6,
04,	00,	1991	,	02,	2.24,	51.5,	-5.68,	-5.68,	-3.4,	-5.68,	4,	323,	-.52,	-1.43,	-2.08,	-2.42,	-2.37,	-2.2,	-1.77,	38.8,	64.2,
04,	00,	1991	,	03,	9.11,	44.8,	-2.65,	-2.65,	7.34,	.11,	0,	558,	2.25,	1.3,	.41,	-.66,	-.61,	-.48,	-1.31,	35.5,	54.1,
04,	00,	1991	,	04,	.75,	52.7,	-2.77,	-2.77,	-1.17,	-.52,	6,	335,	-.77,	1.73,	1.02,	-.66,	-.77,	-.45,	-1.31,	40.4,	65,
04,	00,	1991	,	05,	.82,	57.9,	-2.35,	-2.35,	.4,	-.03,	14,	247,	.14,	-.66,	1.68,	-.31,	-.8,	-.79,	-1.34,	45.1,	70.8,
04,	00,	1991	,	06,	.32,	66.2,	-1.95,	-1.95,	.47,	.42,	58,	97,	.15,	.08,	-.64,	.2,	-.79,	-.74,	-1.34,	52.2,	80.1,
04,	00,	1991	,	07,	.26,	75.4,	-1.43,	-1.43,	.96,	1.1,	209,	6,	.8,	.35,	.2,	1,	-.64,	-.75,	-1.32,	60.8,	90.1,
04,	00,	1991	,	08,	.2,	73.2,	-1.3,	-1.3,	-.04,	1.06,	191,	8,	.02,	.41,	.16,	1.64,	-.29,	-.78,	-1.34,	59,	87.4,
04,	00,	1991	,	09,	.24,	72.2,	-1.43,	-1.43,	-.79,	.58,	176,	12,	-.24,	-.31,	-.11,	-.72,	.19,	-.81,	-1.47,	57.4,	87,
04,	00,	1991	,	10,	1.28,	64.5,	-1.48,	-1.48,	-.58,	.28,	74,	73,	.23,	-.04,	-.08,	-.14,	.92,	-.66,	-1.51,	50.5,	78.4,
04,	00,	1991	,	11,	1.07,	51.6,	-2.05,	-2.05,	-2.19,	-.85,	6,	304,	-.85,	-.65,	-.78,	-.75,	1.07,	-.64,	-1.55,	40,	63.3,
04,	00,	1991	,	12,	2.5,	44,	-2.43,	-2.43,	-1.76,	-1.4,	0,	524,	-.43,	-.86,	-.78,	-.84,	-1.1,	-.32,	-1.25,	33.9,	54,
04,	00,	1992	,	01,	1.94,	43.2,	-3.22,	-3.22,	-3.13,	-2.81,	0,	537,	-.8,	-.91,	-1.18,	-1.2,	-1.17,	-.21,	-1.47,	33.2,	53.1,
04,	00,	1992	,	02,	5.98,	49.1,	-2.46,	-2.46,	1.29,	-1.56,	0,	368,	1,	.17,	-.14,	-.49,	-.48,	.46,	-.99,	39.9,	58.3,
04,	00,	1992	,	03,	3.65,	50.8,	-2.04,	-2.04,	.49,	-.96,	0,	400,	.44,	.9,	.26,	-.26,	-.28,	-.47,	-.72,	41,	60.7,
04,	00,	1992	,	04,	1.03,	58.9,	-2.34,	-2.34,	-1.54,	-1.75,	31,	187,	-.39,	.16,	.69,	-.37,	-.38,	-.38,	-.69,	45.9,	72,
04,	00,	1992	,	05,	.23,	67,	-2.77,	-2.77,	-2,	-2.77,	85,	83,	-1.28,	-1.02,	-.13,	-.21,	-.49,	-.49,	-.97,	53,	80.9,
04,	00,	1992	,	06,	.71,	69,	-2.93,	-2.93,	-1.33,	-2.93,	101,	50,	1.28,	-.24,	-.56,	.06,	-.38,	-.4,	-.9,	55.4,	82.5,
04,	00,	1992	,	07,	.24,	73.8,	-2.99,	-2.99,	-1.09,	-2.99,	224,	3,	.67,	1.33,	-.14,	.63,	-.39,	-.4,	-.91,	60,	87.7,
04,	00,	1992	,	08,	.2,	76.2,	-2.86,	-2.86,	-.56,	-2.86,	293,	0,	.02,	.34,	1.07,	.05,	-.12,	-.4,	-.93,	61.2,	91.2,
04,	00,	1992	,	09,	.05,	70.8,	-3.04,	-3.04,	-1.41,	-3.04,	172,	17,	-1.58,	-1.01,	-.67,	-.84,	.01,	-.44,	-.97,	55.8,	85.7,
04,	00,	1992	,	10,	2.13,	62.6,	-2.31,	-2.31,	1.26,	-1.74,	52,	99,	1.01,	.61,	.56,	.26,	.71,	-.3,	-.74,	49.7,	75.6,
04,	00,	1992	,	11,	.59,	49.5,	-2.93,	-2.93,	-2.57,	-2.93,	3,	347,	-1.31,	-.42,	-.66,	-.4,	-.49,	-.44,	-.77,	38.1,	60.8,
04,	00,	1992	,	12,	6.48,	40.3,	.9,	-1.73,	2.69,	-.56,	0,	624,	1.2,	.35,	.58,	.5,	.22,	.27,	-.11,	31.4,	49.3,
04,	00,	1993	,	01,	8.86,	41.3,	2.79,	2.79,	5.96,	2.79,	0,	581,	1.53,	1.75,	1.29,	1.34,	1.27,	1.42,	.8,	33,	49.6,
04,	00,	1993	,	02,	5.98,	44,	3.44,	3.44,	2.8,	3.44,	0,	489,	1,	1.61,	1.88,	1.57,	1.63,	1.41,	1.16,	35.5,	52.6,
04,	00,	1993	,	03,	3.05,	52.9,	2.9,	2.9,	-.54,	2.63,	6,	327,	.15,	.75,	1.39,	1.43,	1.38,	1.23,	.5,	42.4,	63.4,
04,	00,	1993	,	04,	1.45,	55.2,	2.46,	2.46,	-.44,	1.95,	15,	266,	.06,	.09,	.65,	1.24,	1.27,	1.23,	.57,	43.1,	67.3,
04,	00,	1993	,	05,	1.44,	62.3,	2.68,	2.68,	1.43,	2.68,	47,	140,	.96,	.44,	.29,	1.59,	1.34,	1.39,	.66,	49.6,	75,
04,	00,	1993	,	06,	.87,	68,	3.05,	3.05,	1.94,	3.05,	112,	45,	1.64,	1.4,	.74,	1.42,	1.43,	1.39,	.72,	54,	81.9,
04,	00,	1993	,	07,	.03,	72.2,	3.02,	3.02,	.85,	3.02,	159,	14,	-1.54,	1.21,	1.27,	.85,	1.34,	1.37,	.69,	57.9,	86.5,
04,	00,	1993	,	08,	.22,	73.2,	2.89,	2.89,	.53,	2.89,	205,	4,	.14,	-.61,	1,	.42,	1.61,	1.37,	.7,	58.5,	87.8,
04,	00,	1993	,	09,	.04,	69.5,	-.39,	2.2,	-1.16,	1.66,	137,	24,	-1.8,	-.96,	-1.41,	.39,	1.33,	1.36,	.68,	54,	84.9,
04,	00,	1993	,	10,	.82,	61.4,	-.7,	1.63,	-1.04,	.61,	43,	114,	-.31,	-.81,	-.81,	.13,	.64,	1.25,	.64,	48.7,	74.1,
04,	00,	1993	,	11,	1.42,	48.8,	-1.12,	.96,	-1.49,	-.64,	0,	368,	-.56,	-.73,	-1.01,	-.73,	-.32,	1.42,	.69,	36.6,	60.9,
04,	00,	1993	,	12,	2.52,	43.1,	-1.53,	-1.53,	-1.59,	-1.53,	0,	541,	-.42,	-.72,	-.81,	-1.03,	-.64,	.82,	.69,	32.8,	53.4,
04,	00,	1994	,	01,	1.91,	45.7,	-2.44,	-2.44,	-3.19,	-2.44,	0,	481,	-.82,	-.91,	-1.09,	-1.29,	-1,	-.4,	.67,	34.4,	56.9,
04,	00,	1994	,	02,	3.96,	43.7,	-2.26,	-2.26,	-.22,	-2.26,	0,	503,	.28,	-.41,	-.65,	-1.04,	-.94,	-.8,	.41,	33.6,	53.7,
04,	00,	1994	,	03,	1.24,	52.8,	-2.96,	-2.96,	-2.8,	-2.96,	5,	343,	-1.04,	-.4,	-.83,	-1.26,	-1.43,	-1.12,	.15,	40.5,	65.2,
04,	00,	1994	,	04,	1.36,	55.9,	-2.88,	-2.88,	-.68,	-2.88,	11,	284,	-.03,	-.93,	-.45,	-1.17,	-1.34,	-1.08,	.19,	43.6,	68.3,
04,	00,	1994	,	05,	1.35,	61.3,	-2.19,	-2.19,	1.18,	-1.64,	25,	192,	.86,	.32,	-.6,	-.86,	-1.21,	-1.12,	.33,	48.7,	73.9,
04,	00,	1994	,	06,	.1,	70.9,	-2.03,	-2.03,	-.21,	-1.52,	144,	33,	-.87,	.5,	.12,	-.75,	-1.15,	-1.3,	.26,	55.6,	86.1,
04,	00,	1994	,	07,	.05,	76.5,	-2.21,	-2.21,	-1.15,	-2.1,	228,	3,	-1.18,	-1.35,	.33,	-.39,	-1.13,	-1.3,	.25,	61.4,	91.5,
04,	00,	1994	,	08,	.06,	75.8,	-2.41,	-2.41,	-1.27,	-2.41,	286,	2,	-1.11,	-1.98,	-1.61,	-.88,	-.99,	-1.35,	.24,	60.3,	91.3,
04,	00,	1994	,	09,	.34,	69.8,	-2.32,	-2.32,	-.48,	-2.32,	144,	22,	.09,	-.43,	-.8,	-.15,	-.85,	-1.26,	.26,	55.4,	84.3,
04,	00,	1994	,	10,	.63,	58.6,	-2.44,	-2.44,	-1.09,	-2.44,	19,	174,	-.58,	-.67,	-.87,	-.69,	-.63,	-1.31,	.11,	45.2,	71.8,
04,	00,	1994	,	11,	3.73,	42.9,	.59,	-1.6,	1.77,	-.78,	0,	542,	.82,	.44,	.4,	.14,	-.48,	-.83,	.47,	32.9,	52.9,
04,	00,	1994	,	12,	2.81,	42.1,	.29,	-1.67,	-.71,	-1.11,	0,	577,	-.27,	.19,	-.02,	-.13,	-.13,	-.75,	.04,	33.1,	51.1,
04,	00,	1995	,	01,	12.5,	44.7,	3.46,	3.46,	9.6,	3.46,	0,	520,	2.28,	1.74,	1.89,	1.67,	1.66,	1.1,	.42,	38.3,	51.1,
04,	00,	1995	,	02,	1.27,	51.3,	2.23,	2.23,	-2.63,	1.12,	5,	320,	-1.12,	1.42,	1.11,	1.11,	1.01,	.63,	-.12,	40.5,	62,
04,	00,	1995	,	03,	9.57,	48.9,	4.71,	4.71,	8.14,	4.71,	1,	420,	2.37,	1.19,	2.17,	1.86,	1.8,	1.77,	.62,	39.2,	58.5,
04,	00,	1995	,	04,	2.69,	52.9,	4.78,	4.78,	1.68,	4.78,	6,	336,	1,	2.26,	1.33,	1.99,	1.84,	1.84,	.75,	41.1,	64.6,
04,	00,	1995	,	05,	1.73,	58.4,	5.12,	5.12,	2.49,	5.12,	13,	246,	1.26,	1.33,	2.4,	1.98,	1.94,	1.88,	.8,	47,	69.8,
04,	00,	1995	,	06,	.95,	66.1,	5.76,	5.76,	3.5,	5.76,	67,	83,	1.8,	1.73,	1.59,	2.34,	2,	1.95,	.81,	52.5,	79.7,
04,	00,	1995	,	07,	.17,	74.2,	6.25,	6.25,	3.26,	6.25,	221,	3,	.15,	1.71,	1.73,	1.56,	2.1,	1.96,	.83,	59.6,	88.8,
04,	00,	1995	,	08,	.06,	75,	5.71,	5.71,	.3,	5.71,	260,	3,	-1.11,	-.74,	1.14,	2.41,	1.99,	1.95,	.82,	59.8,	90.3,
04,	00,	1995	,	09,	.07,	71.2,	4.73,	4.73,	-1.18,	4.24,	176,	15,	-1.29,	-1.77,	-1.36,	1.27,	2.23,	1.92,	.82,	56.5,	85.9,
04,	00,	1995	,	10,	.05,	62.2,	3.37,	3.37,	-2.6,	1.88,	51,	103,	-1.74,	-1.97,	-2.17,	-.22,	1.19,	1.95,	.75,	47.4,	76.9,
04,	00,	1995	,	11,	.36,	55.9,	1.86,	1.86,	-3.49,	-.87,	14,	221,	-1.56,	-2.34,	-3.02,	-2.27,	1.48,	1.64,	.65,	43.2,	68.6,
04,	00,	1995	,	12,	5.78,	46.4,	2.18,	2.18,	1.52,	.09,	0,	462,	.96,	.05,	-.33,	-.51,	.28,	1.97,	.99,	37.3,	55.6,
04,	00,	1996	,	01,	5.12,	45.6,	2.34,	2.34,	1.15,	.68,	0,	488,	.53,	.87,	.28,	-.11,	.21,	1.05,	1.47,	36,	55.2,
04,	00,	1996	,	02,	5.99,	48.8,	2.9,	2.9,	2.4,	1.99,	0,	380,	1,	.91,	1.17,	.4,	.48,	1.79,	1.53,	39.6,	58,
04,	00,	1996	,	03,	2.57,	51.5,	2.28,	2.28,	-.96,	1.08,	4,	374,	-.11,	.63,	.67,	.36,	.28,	.65,	1.68,	39.4,	63.4,
04,	00,	1996	,	04,	2.1,	56.8,	2.15,	2.15,	.32,	1.06,	21,	227,	.6,	.16,	.69,	.61,	.34,	.55,	1.72,	43.6,	69.8,
04,	00,	1996	,	05,	2.01,	62.5,	2.84,	2.84,	2.72,	2.34,	50,	137,	1.53,	1.17,	.55,	1.12,	.54,	.6,	1.78,	49.2,	75.8,
04,	00,	1996	,	06,	.18,	70.4,	3.08,	3.08,	1.6,	3.07,	128,	36,	-.44,	1.29,	1.04,	.86,	.56,	.49,	1.78,	55.5,	85.4,
04,	00,	1996	,	07,	.2,	78.1,	2.88,	2.88,	.35,	2.88,	298,	0,	.38,	-.32,	1.32,	.9,	.75,	.49,	1.8,	63.2,	93,
04,	00,	1996	,	08,	.06,	76.7,	2.16,	2.16,	-1.25,	1.58,	291,	1,	-1.11,	-.54,	-.82,	.45,	1.07,	.5,	1.78,	61.1,	92.2,
04,	00,	1996	,	09,	.27,	68.4,	1.73,	1.73,	-.62,	.86,	123,	33,	-.13,	-.67,	-.55,	.84,	.81,	.52,	1.79,	54,	82.8,
04,	00,	1996	,	10,	1.7,	59.2,	1.84,	1.84,	.86,	1.28,	22,	163,	.64,	.42,	.24,	.99,	.89,	.77,	1.94,	46.1,	72.3,
04,	00,	1996	,	11,	3.35,	51.1,	1.86,	1.86,	.61,	1.48,	4,	330,	.63,	.75,	.69,	.54,	.64,	1.23,	1.92,	40.8,	61.5,
04,	00,	1996	,	12,	8.96,	45.6,	3.45,	3.45,	5.35,	3.45,	0,	479,	1.95,	1.83,	1.86,	1.77,	1.97,	1.63,	2.52,	37.4,	53.9,
04,	00,	1997	,	01,	7.62,	44.5,	4.62,	4.62,	4.59,	4.62,	0,	517,	1.23,	1.96,	2.05,	2.01,	2.15,	2.17,	2.44,	36.1,	52.9,
04,	00,	1997	,	02,	.71,	46.6,	-.94,	3.21,	-2.81,	2.09,	0,	437,	-1.56,	.28,	1.24,	1.33,	1.27,	1.34,	1.99,	35.6,	57.7,
04,	00,	1997	,	03,	.84,	54,	-2,	1.72,	-3.47,	-.7,	10,	301,	-1.44,	-2.22,	-.28,	.88,	.84,	1.01,	1.05,	40.4,	67.7,
04,	00,	1997	,	04,	.89,	55.6,	-2.25,	1.09,	-1.38,	-1.7,	13,	262,	-.57,	-1.7,	-2.27,	.68,	.69,	.81,	.84,	43,	68.1,
04,	00,	1997	,	05,	.38,	67.6,	-2.77,	-2.77,	-2.27,	-2.77,	120,	58,	-.78,	-1.01,	-2.03,	.5,	.64,	.59,	.71,	53.3,	81.8,
04,	00,	1997	,	06,	.65,	68.4,	-3.03,	-3.03,	-1.64,	-3.03,	101,	52,	1.13,	-.09,	-.61,	-.46,	.69,	.66,	.68,	55,	81.8,
04,	00,	1997	,	07,	.31,	74,	-3.08,	-3.08,	-1.07,	-3.08,	200,	6,	1.11,	1.35,	.11,	-2.33,	.67,	.67,	.7,	59.2,	88.8,
04,	00,	1997	,	08,	.27,	74.9,	-2.86,	-2.86,	-.28,	-2.86,	265,	2,	.41,	.84,	1.25,	-1.48,	.58,	.71,	.73,	60.5,	89.3,
04,	00,	1997	,	09,	.94,	70.8,	.45,	-2.11,	1.36,	-1.48,	214,	11,	1.29,	1.2,	1.34,	-.02,	-.3,	.79,	.82,	57.2,	84.3,
04,	00,	1997	,	10,	1.08,	59,	.31,	-1.98,	-.28,	-1.43,	32,	146,	.01,	.47,	.48,	.32,	-1.78,	.73,	.94,	45.9,	72.1,
04,	00,	1997	,	11,	3.95,	51.6,	.71,	-1.35,	1.28,	-.24,	5,	307,	.92,	.74,	.96,	1.13,	-.33,	.82,	1.34,	41.7,	61.4,
04,	00,	1997	,	12,	2.96,	42.4,	.42,	-1.43,	-.66,	-.57,	0,	565,	-.2,	.3,	.23,	.45,	.16,	-.18,	1.03,	33.1,	51.7,
04,	00,	1998	,	01,	6.97,	45.1,	1.48,	1.48,	3.31,	1.48,	0,	501,	1.06,	.66,	.86,	.92,	.89,	-.36,	1.34,	36.8,	53.4,
04,	00,	1998	,	02,	11.5,	43.6,	4.16,	4.16,	8.5,	4.16,	0,	510,	2.43,	2.19,	1.9,	2.08,	2.15,	1.5,	1.8,	36.2,	51,
04,	00,	1998	,	03,	4.15,	49.2,	4.17,	4.17,	1.31,	4.17,	0,	425,	.66,	2.16,	2.07,	1.87,	1.94,	1.81,	1.97,	38.6,	59.9,
04,	00,	1998	,	04,	2.17,	51.6,	4.09,	4.09,	1.06,	4.09,	1,	376,	.65,	.76,	2.14,	1.89,	1.89,	1.86,	1.93,	40,	63.1,
04,	00,	1998	,	05,	3.03,	54.9,	5.5,	5.5,	5.49,	5.5,	7,	305,	2.34,	1.7,	1.35,	2,	2.09,	2.15,	2.02,	44.4,	65.4,
04,	00,	1998	,	06,	.77,	65.2,	6.04,	6.04,	3.33,	6.04,	52,	98,	1.42,	2.55,	1.86,	2.32,	2.07,	2.13,	2.06,	52.5,	78,
04,	00,	1998	,	07,	.2,	76,	7.17,	7.17,	5.25,	7.17,	252,	2,	.38,	1.38,	2.59,	2.46,	2.13,	2.12,	2.07,	61.2,	90.7,
04,	00,	1998	,	08,	.13,	77.2,	6.6,	6.6,	.5,	6.6,	329,	0,	-.45,	-.15,	.96,	1.4,	2.01,	2.09,	2.05,	61.7,	92.7,
04,	00,	1998	,	09,	.74,	69.2,	6.23,	6.23,	.94,	6.23,	123,	26,	.97,	.66,	.64,	1.88,	2.31,	2.07,	2.12,	56.1,	82.3,
04,	00,	1998	,	10,	.76,	57.7,	5.35,	5.35,	-.72,	5.03,	16,	187,	-.4,	-.06,	-.17,	1.96,	2.37,	2.14,	2.08,	44.6,	70.8,
04,	00,	1998	,	11,	4.34,	48.8,	5.48,	5.48,	2.03,	5.48,	0,	396,	1.1,	.77,	.91,	1.03,	1.63,	2.35,	2.19,	38.7,	58.9,
04,	00,	1998	,	12,	1.65,	42,	-.63,	4.28,	-1.9,	3.52,	0,	581,	-.93,	0,	-.15,	-.06,	.79,	2.12,	1.45,	31.1,	52.8,
04,	00,	1999	,	01,	3.54,	45,	-.79,	3.61,	-.68,	2.56,	0,	504,	-.04,	-.65,	-.13,	-.18,	.4,	1.86,	1.07,	34.6,	55.4,
04,	00,	1999	,	02,	4.98,	44.9,	.57,	3.81,	1.71,	3.34,	0,	473,	.66,	.33,	-.2,	.14,	.2,	.8,	1.44,	34.8,	55.1,
04,	00,	1999	,	03,	2.4,	47.5,	.29,	3.19,	-.68,	2.44,	1,	511,	-.21,	.3,	.12,	-.02,	.03,	.52,	1.62,	36.3,	58.6,
04,	00,	1999	,	04,	1.87,	51.3,	.47,	3.08,	.65,	2.51,	1,	393,	.43,	-.01,	.34,	.11,	.07,	.47,	1.68,	39.4,	63.2,
04,	00,	1999	,	05,	.33,	60.4,	.22,	2.55,	-.62,	1.74,	22,	211,	-.93,	-.07,	-.27,	-.33,	0,	.05,	1.68,	46.7,	74.1,
04,	00,	1999	,	06,	.25,	67.8,	.31,	2.41,	.35,	1.68,	77,	75,	-.13,	-.96,	-.15,	.03,	-.07,	-.03,	1.63,	53.3,	82.3,
04,	00,	1999	,	07,	.31,	73.3,	.5,	2.38,	.65,	1.81,	193,	7,	1.11,	.29,	-.67,	.21,	.03,	-.01,	1.64,	58.5,	88,
04,	00,	1999	,	08,	.21,	72.6,	.52,	2.21,	.23,	1.66,	183,	10,	.08,	.63,	.14,	-.24,	-.31,	.01,	1.62,	58.2,	87.1,
04,	00,	1999	,	09,	.18,	70.7,	-.28,	1.7,	-.83,	.85,	137,	23,	-.5,	-.47,	-.11,	-.24,	.02,	-.08,	1.56,	55.8,	85.6,
04,	00,	1999	,	10,	.71,	63.7,	-.77,	1.01,	-1.55,	-.34,	79,	74,	-.47,	-.78,	-.78,	-1.21,	-.01,	-.11,	1.55,	48.4,	79,
04,	00,	1999	,	11,	2.2,	53,	-1.01,	.59,	-.96,	-.97,	6,	294,	-.02,	-.31,	-.46,	-.43,	-.63,	-.56,	1.39,	41.4,	64.6,
04,	00,	1999	,	12,	.65,	45.3,	-2.12,	-2.12,	-3.65,	-2.12,	0,	478,	-1.67,	-1.14,	-1.24,	-1.34,	-1.36,	-.74,	1.13,	33.6,	57,
04,	00,	2000	,	01,	5.09,	45.8,	-.05,	-1.95,	-.14,	-1.95,	0,	477,	.52,	-.47,	-.52,	-.71,	-.82,	-.51,	.97,	36.6,	54.9,
04,	00,	2000	,	02,	6.93,	47.2,	1,	-.75,	3,	.72,	0,	427,	1.29,	1.09,	.36,	.09,	.09,	-.14,	.38,	38.4,	56,
04,	00,	2000	,	03,	1.92,	50.2,	-.54,	-1.21,	-1.61,	-.48,	1,	414,	-.51,	.7,	.72,	-.06,	-.07,	-.16,	.13,	38.6,	61.7,
04,	00,	2000	,	04,	1.8,	57.8,	-.56,	-1.17,	-.25,	-.52,	20,	235,	.37,	-.27,	.69,	.07,	-.05,	-.15,	.09,	44.6,	71.1,
04,	00,	2000	,	05,	.94,	63.9,	-.42,	-.97,	.24,	-.19,	63,	121,	.32,	.34,	-.24,	.16,	-.03,	-.04,	-.13,	50.4,	77.3,
04,	00,	2000	,	06,	.31,	72.2,	-.44,	-.93,	-.19,	-.22,	158,	23,	.11,	.23,	.29,	.7,	0,	-.02,	-.18,	57.3,	87,
04,	00,	2000	,	07,	.06,	73.5,	-.81,	-1.24,	-1.22,	-.87,	186,	11,	-1.03,	-.35,	.07,	.66,	.07,	-.06,	-.19,	58.5,	88.5,
04,	00,	2000	,	08,	.27,	75,	-.79,	-1.18,	-.2,	-.82,	251,	2,	.41,	-.15,	-.22,	-.27,	.15,	-.04,	-.17,	60.1,	89.8,
04,	00,	2000	,	09,	.35,	69.1,	-.83,	-1.18,	-.36,	-.89,	139,	25,	.12,	.15,	-.16,	.18,	.68,	-.01,	-.22,	54.6,	83.6,
04,	00,	2000	,	10,	2.2,	58.4,	-.11,	-.11,	1.91,	.64,	14,	192,	1.07,	.94,	.95,	.75,	.83,	.22,	-.04,	46.5,	70.2,
04,	00,	2000	,	11,	.79,	46,	-.76,	-.76,	-1.99,	-.76,	0,	463,	-1.1,	-.27,	-.31,	-.36,	-.56,	-.06,	-.46,	34.8,	57.2,
04,	00,	2000	,	12,	.77,	46.5,	-1.94,	-1.94,	-3.76,	-1.94,	0,	442,	-1.57,	-1.69,	-1.17,	-1.27,	-1.08,	-.03,	-.58,	35.4,	57.7,
04,	00,	2001	,	01,	3.52,	42.3,	-2.35,	-2.35,	-1.84,	-2.35,	0,	593,	-.05,	-.97,	-1.31,	-1.01,	-1.01,	-.37,	-.66,	32,	52.6,
04,	00,	2001	,	02,	4.42,	43.1,	-2.06,	-2.06,	.14,	-1.93,	0,	529,	.46,	.18,	-.57,	-.71,	-.73,	-.87,	-.66,	33.6,	52.6,
04,	00,	2001	,	03,	2.21,	52.6,	-2.37,	-2.37,	-1.56,	-2.37,	4,	358,	-.32,	.08,	-.05,	-.78,	-.81,	-.75,	-.69,	40.9,	64.3,
04,	00,	2001	,	04,	1.75,	52,	-1.99,	-1.99,	.39,	-1.76,	2,	379,	.33,	-.16,	.1,	-.93,	-.7,	-.71,	-.69,	39.7,	64.4,
04,	00,	2001	,	05,	.15,	68.6,	-2.36,	-2.36,	-1.72,	-2.36,	106,	69,	-1.68,	-.33,	-.51,	-.75,	-.85,	-.88,	-.71,	53.3,	83.8,
04,	00,	2001	,	06,	.23,	71.4,	-2.66,	-2.66,	-1.64,	-2.66,	155,	26,	-.21,	-1.54,	-.42,	-.2,	-.85,	-.89,	-.71,	56.4,	86.3,
04,	00,	2001	,	07,	.28,	74.2,	-2.79,	-2.79,	-1.2,	-2.79,	197,	7,	.93,	.14,	-1.23,	-.09,	-1.08,	-.84,	-.72,	59.7,	88.8,
04,	00,	2001	,	08,	.05,	76,	-2.89,	-2.89,	-1.18,	-2.89,	249,	2,	-1.23,	-.15,	-.45,	-.58,	-.78,	-.89,	-.73,	60.6,	91.4,
04,	00,	2001	,	09,	.3,	71.2,	-2.82,	-2.82,	-.68,	-2.82,	160,	18,	-.03,	-.6,	-.28,	-.56,	-.23,	-.89,	-.72,	56.3,	86.1,
04,	00,	2001	,	10,	.65,	63.6,	-3.09,	-3.09,	-1.67,	-3.09,	56,	94,	-.55,	-.7,	-.91,	-1.55,	-.34,	-1.27,	-.71,	49.8,	77.5,
04,	00,	2001	,	11,	4.21,	51.6,	-2.24,	-2.24,	1.59,	-1.53,	4,	324,	1.04,	.66,	.61,	.52,	-.16,	-.57,	-.47,	41.4,	61.7,
04,	00,	2001	,	12,	5.25,	42.8,	-1.41,	-1.41,	1.78,	.04,	0,	566,	.77,	1.07,	.84,	.8,	.55,	.24,	.06,	34.4,	51.2,
04,	00,	2002	,	01,	2.22,	42.4,	-1.69,	-1.69,	-1.26,	-.73,	0,	580,	-.65,	.04,	.38,	.17,	0,	-.02,	-.36,	32.1,	52.5,
04,	00,	2002	,	02,	1.45,	48.2,	-2.24,	-2.24,	-2.18,	-2.03,	0,	387,	-.99,	-1.23,	-.51,	-.26,	-.3,	-.6,	-.94,	35.7,	60.7,
04,	00,	2002	,	03,	1.91,	48.5,	-2.48,	-2.48,	-1.41,	-2.48,	0,	451,	-.52,	-1.15,	-1.32,	-.4,	-.44,	-.58,	-.95,	36,	61,
04,	00,	2002	,	04,	.88,	56,	-2.68,	-2.68,	-1.38,	-2.68,	10,	293,	-.58,	-.8,	-1.33,	-.41,	-.57,	-.71,	-1.04,	43.3,	68.7,
04,	00,	2002	,	05,	.59,	61.5,	-2.58,	-2.58,	-.53,	-2.58,	29,	179,	-.28,	-.77,	-.93,	-.87,	-.58,	-.62,	-1.11,	47.4,	75.5,
04,	00,	2002	,	06,	.07,	71.2,	-2.76,	-2.76,	-1.32,	-2.76,	126,	37,	-1.06,	-.78,	-1,	-1.57,	-.6,	-.64,	-1.13,	56,	86.4,
04,	00,	2002	,	07,	.06,	77.4,	-3.07,	-3.07,	-1.8,	-3.07,	261,	0,	-1.03,	-1.46,	-1.07,	-1.62,	-.53,	-.69,	-1.14,	62.2,	92.6,
04,	00,	2002	,	08,	.01,	74.4,	-3.28,	-3.28,	-1.56,	-3.28,	209,	3,	-1.89,	-3.09,	-1.88,	-1.33,	-1.02,	-.7,	-1.18,	58.8,	90,
04,	00,	2002	,	09,	.11,	70.9,	-3.37,	-3.37,	-1.28,	-3.37,	172,	15,	-.92,	-1.87,	-2.02,	-1.76,	-1.86,	-.73,	-1.2,	55.8,	86,
04,	00,	2002	,	10,	.06,	59.4,	-3.77,	-3.77,	-2.26,	-3.77,	15,	184,	-1.71,	-1.88,	-2.17,	-2.36,	-2.26,	-.88,	-1.44,	45.5,	73.2,
04,	00,	2002	,	11,	3.18,	52.3,	.09,	-3.29,	.28,	-3.13,	7,	282,	.54,	-.13,	-.3,	-.67,	-1.24,	-1.14,	-1.16,	40.6,	64,
04,	00,	2002	,	12,	8.14,	44,	1.6,	-1.44,	4.55,	.56,	0,	535,	1.72,	1.57,	1.18,	1.02,	.61,	-.53,	-.26,	35.1,	52.9,
04,	00,	2003	,	01,	1.92,	50,	.69,	-2.04,	-2.24,	-.94,	10,	353,	-.82,	.69,	.73,	.34,	.18,	-.66,	-.54,	39.8,	60.1,
04,	00,	2003	,	02,	2.66,	45.7,	.37,	-2.07,	-.73,	-1.22,	0,	453,	-.3,	-.86,	.37,	.15,	.02,	-.43,	-.68,	35.3,	56.2,
04,	00,	2003	,	03,	2.77,	51.4,	.1,	-2.09,	-.69,	-1.45,	4,	373,	0,	-.31,	-.76,	.16,	.06,	-.2,	-.61,	39.7,	63,
04,	00,	2003	,	04,	3.98,	50,	1.4,	-.57,	3.92,	1.38,	1,	408,	1.71,	.89,	.38,	.72,	.45,	.34,	-.34,	39.4,	60.7,
04,	00,	2003	,	05,	1.09,	62,	1.53,	1.53,	.85,	1.53,	35,	163,	.53,	1.64,	.92,	.68,	.52,	.43,	-.22,	48.6,	75.4,
04,	00,	2003	,	06,	.04,	71.2,	1.53,	1.53,	.46,	1.53,	116,	44,	-1.28,	.06,	1.46,	-.16,	.51,	.43,	-.24,	56.4,	86.1,
04,	00,	2003	,	07,	.22,	78.7,	-.19,	1.18,	-.58,	.8,	320,	0,	.53,	-.8,	.12,	.37,	.71,	.45,	-.25,	63.5,	93.8,
04,	00,	2003	,	08,	.57,	75,	-.01,	1.23,	.5,	1.03,	272,	2,	1.59,	1.45,	.29,	.93,	.7,	.53,	-.18,	60.8,	89.2,
04,	00,	2003	,	09,	.17,	72.9,	-.4,	.7,	-1.2,	-.18,	206,	9,	-.55,	.41,	.44,	1.46,	-.12,	.54,	-.2,	57.7,	88,
04,	00,	2003	,	10,	.09,	65.4,	-1.35,	-1.35,	-2.96,	-1.35,	93,	61,	-1.63,	-1.72,	-1.14,	-1.03,	.08,	.55,	-.25,	50.6,	80.2,
04,	00,	2003	,	11,	2.35,	46.8,	-1.28,	-1.28,	-.21,	-1.28,	0,	435,	.08,	-.6,	-.77,	-.7,	.3,	.4,	-.48,	36.9,	56.7,
04,	00,	2003	,	12,	5.77,	44,	.66,	.66,	1.98,	.66,	0,	532,	.96,	.68,	.29,	.35,	.92,	0,	-.43,	35.2,	52.8,
04,	00,	2004	,	01,	2.27,	43.5,	.14,	.14,	-1.35,	-.45,	0,	544,	-.62,	.19,	.08,	-.17,	-.18,	.03,	-.51,	34,	53,
04,	00,	2004	,	02,	5.88,	44.2,	1.01,	1.01,	2.66,	1.01,	0,	501,	.96,	.23,	.62,	.24,	.25,	.58,	.06,	34.9,	53.6,
04,	00,	2004	,	03,	1.08,	56.9,	-1.19,	-1.19,	-3.58,	-1.19,	20,	233,	-1.19,	.18,	-.27,	-.07,	-.03,	.33,	-.03,	43.5,	70.2,
04,	00,	2004	,	04,	.7,	57.3,	-1.7,	-1.7,	-1.88,	-1.7,	18,	233,	-.85,	-1.64,	-.11,	-.02,	-.2,	-.21,	-.04,	43.9,	70.7,
04,	00,	2004	,	05,	.45,	63.2,	-2.15,	-2.15,	-1.89,	-2.15,	56,	126,	-.59,	-1.16,	-1.89,	-.06,	-.33,	-.32,	-.04,	49.2,	77.2,
04,	00,	2004	,	06,	.08,	70.4,	-2.8,	-2.8,	-2.62,	-2.8,	115,	44,	-.99,	-1.09,	-1.37,	-.62,	-.33,	-.3,	-.04,	55.6,	85.2,
04,	00,	2004	,	07,	.06,	76.1,	-3.26,	-3.26,	-2.24,	-3.26,	246,	1,	-1.03,	-1.4,	-1.44,	-.33,	-.15,	-.33,	-.04,	61.2,	91,
04,	00,	2004	,	08,	.19,	74.8,	-3.23,	-3.23,	-.91,	-3.23,	230,	1,	-.04,	-.61,	-1.18,	-2.43,	-.12,	-.4,	-.01,	60,	89.7,
04,	00,	2004	,	09,	.14,	69.4,	-3.26,	-3.26,	-1.09,	-3.26,	158,	20,	-.71,	-.67,	-1.01,	-1.93,	-.72,	-.4,	-.01,	54.2,	84.5,
04,	00,	2004	,	10,	3.72,	58.2,	1.6,	-1.33,	4.79,	.66,	14,	189,	2.1,	1.94,	1.88,	1.17,	.26,	.22,	.42,	46.4,	69.9,
04,	00,	2004	,	11,	1.68,	47.7,	1.26,	-1.37,	-.53,	.33,	0,	439,	-.37,	.89,	.78,	.59,	-.76,	.07,	.26,	37.4,	57.9,
04,	00,	2004	,	12,	5.51,	44.6,	1.73,	-.62,	1.82,	1.66,	0,	511,	.87,	.39,	1.06,	.95,	.46,	.03,	-.06,	35.2,	54.1,
04,	00,	2005	,	01,	5.56,	44.1,	2.33,	2.33,	2.33,	2.33,	0,	519,	.66,	.91,	.62,	1.05,	.86,	.58,	.31,	35.8,	52.4,
04,	00,	2005	,	02,	4.03,	47.1,	2.28,	2.28,	.56,	2.28,	0,	421,	.31,	.58,	.84,	1,	.92,	.23,	.47,	38.1,	56.1,
04,	00,	2005	,	03,	3.69,	51.1,	2.21,	2.21,	.5,	2.21,	1,	379,	.46,	.4,	.6,	1.03,	.96,	.69,	.58,	40,	62.2,
04,	00,	2005	,	04,	1.79,	53,	2.09,	2.09,	.33,	2.09,	6,	329,	.36,	.47,	.4,	.66,	.95,	.83,	.33,	40.4,	65.6,
04,	00,	2005	,	05,	2.54,	62.2,	3.17,	3.17,	3.88,	3.17,	44,	145,	1.97,	1.28,	.98,	1.06,	1.17,	1.11,	.52,	49.5,	74.8,
04,	00,	2005	,	06,	.67,	66.2,	3.83,	3.83,	2.96,	3.83,	70,	84,	1.18,	2.14,	1.41,	.91,	1.23,	1.18,	.58,	52.6,	79.9,
04,	00,	2005	,	07,	.14,	78.4,	4.58,	4.58,	3.43,	4.58,	307,	0,	-.12,	.99,	2.13,	.86,	.93,	1.19,	.58,	63.2,	93.5,
04,	00,	2005	,	08,	.29,	75.8,	4.08,	4.08,	-.09,	3.99,	261,	1,	.5,	.3,	.96,	1.06,	1.1,	1.2,	.56,	60.6,	91,
04,	00,	2005	,	09,	.32,	66.9,	3.55,	3.55,	-.32,	3.29,	90,	51,	.03,	.13,	0,	1.31,	.9,	1.22,	.57,	52,	81.7,
04,	00,	2005	,	10,	1,	59.9,	3.01,	3.01,	-.54,	2.48,	25,	153,	-.09,	-.25,	-.19,	1.43,	.76,	.9,	.68,	46.8,	73,
04,	00,	2005	,	11,	2.26,	52.4,	2.42,	2.42,	-.83,	1.54,	8,	278,	.02,	-.11,	-.17,	.02,	.71,	1,	.68,	40.8,	64,
04,	00,	2005	,	12,	7.81,	46.1,	3.46,	3.46,	3.87,	3.46,	0,	455,	1.62,	1.24,	1.1,	1.09,	1.52,	1.31,	.9,	36.6,	55.5,
04,	00,	2006	,	01,	4.54,	44.6,	3.49,	3.49,	1.15,	3.49,	0,	513,	.33,	1.18,	1.02,	.93,	1.29,	1.25,	1.23,	35,	54.2,
04,	00,	2006	,	02,	2.69,	47.7,	2.84,	2.84,	-.86,	2.44,	0,	397,	-.29,	-.01,	.83,	.64,	.7,	1.02,	.75,	35.3,	60.1,
04,	00,	2006	,	03,	5.41,	44,	3.71,	3.71,	3.48,	3.71,	0,	584,	1.14,	.51,	.47,	.96,	.95,	1.22,	1.24,	34.4,	53.7,
04,	00,	2006	,	04,	4.16,	53,	4.61,	4.61,	3.84,	4.61,	2,	355,	1.8,	1.66,	1.06,	1.3,	1.24,	1.46,	1.58,	42.1,	63.9,
04,	00,	2006	,	05,	.73,	64.6,	-.05,	4.09,	-.14,	3.98,	58,	121,	-.02,	1.56,	1.59,	1.35,	1.2,	1.25,	1.61,	50.7,	78.5,
04,	00,	2006	,	06,	.15,	73.2,	-.14,	3.57,	-.3,	3.29,	193,	15,	-.59,	-.34,	1.43,	.81,	1.18,	1.17,	1.61,	58.6,	87.8,
04,	00,	2006	,	07,	.15,	79.3,	-.68,	2.64,	-1.67,	1.68,	377,	0,	-.02,	-.63,	-.4,	.96,	1.24,	1.17,	1.62,	64.4,	94.2,
04,	00,	2006	,	08,	.06,	73.8,	-1.1,	1.88,	-1.47,	.36,	213,	5,	-1.11,	-.89,	-1.08,	1.45,	1.29,	1.14,	1.6,	58.5,	89.2,
04,	00,	2006	,	09,	.06,	69.5,	-1.44,	1.23,	-1.37,	-.74,	142,	24,	-1.42,	-1.87,	-1.5,	1.1,	.72,	1.11,	1.61,	54.2,	84.8,
04,	00,	2006	,	10,	.45,	58.8,	-1.78,	.62,	-1.45,	-1.71,	19,	175,	-.87,	-1.31,	-1.51,	-1.61,	.63,	1.07,	1.3,	45.3,	72.2,
04,	00,	2006	,	11,	2.08,	51.3,	-1.91,	-1.91,	-.95,	-1.91,	8,	305,	-.09,	-.54,	-.78,	-1.04,	.86,	1.08,	1.36,	40.3,	62.2,
04,	00,	2006	,	12,	3.13,	43.9,	-2.03,	-2.03,	-.93,	-2.03,	0,	520,	-.11,	-.26,	-.51,	-.7,	.02,	.34,	1.1,	33.1,	54.7,
04,	00,	2007	,	01,	.81,	41.5,	-3.09,	-3.09,	-3.81,	-3.09,	0,	608,	-1.63,	-1.1,	-1.04,	-1.38,	-1.45,	-.37,	.55,	29.5,	53.6,
04,	00,	2007	,	02,	4.24,	46.7,	-2.81,	-2.81,	-.12,	-2.79,	0,	435,	.39,	-.69,	-.71,	-1.01,	-1.1,	-.09,	.56,	36.3,	57,
04,	00,	2007	,	03,	.74,	54.4,	-3.73,	-3.73,	-3.65,	-3.73,	10,	297,	-1.56,	-.48,	-1.24,	-1.37,	-1.55,	-.93,	.23,	40.9,	68,
04,	00,	2007	,	04,	1.27,	56.3,	-3.65,	-3.65,	-.91,	-3.65,	13,	272,	-.12,	-1.41,	-.55,	-1.21,	-1.51,	-1.56,	.17,	43.1,	69.4,
04,	00,	2007	,	05,	.32,	64.1,	-3.88,	-3.88,	-1.81,	-3.88,	49,	135,	-.96,	-.64,	-1.78,	-1.35,	-1.61,	-1.71,	-.06,	49.5,	78.6,
04,	00,	2007	,	06,	.12,	70.5,	-4.28,	-4.28,	-2.38,	-4.28,	124,	39,	-.75,	-1.34,	-.82,	-1.44,	-1.53,	-1.73,	-.12,	55.2,	85.9,
04,	00,	2007	,	07,	.18,	76.9,	-4.47,	-4.47,	-1.9,	-4.47,	269,	1,	.23,	-.63,	-1.35,	-.79,	-1.39,	-1.72,	-.11,	62,	91.8,
04,	00,	2007	,	08,	.12,	76.1,	-4.42,	-4.42,	-1.24,	-4.42,	283,	1,	-.53,	-.31,	-.89,	-2.13,	-1.46,	-1.72,	-.13,	61.1,	91.1,
04,	00,	2007	,	09,	.5,	67.5,	-3.92,	-3.92,	.13,	-3.81,	106,	41,	.5,	.15,	.11,	-.79,	-1.48,	-1.57,	-.11,	53.6,	81.5,
04,	00,	2007	,	10,	1.51,	58.6,	-3.33,	-3.33,	.57,	-2.94,	28,	163,	.46,	.46,	.33,	-.48,	-.66,	-1.29,	-.04,	46,	71.1,
04,	00,	2007	,	11,	.82,	53.3,	-3.87,	-3.87,	-2.67,	-3.87,	7,	280,	-1.08,	-.67,	-.62,	-.83,	-1.82,	-1.6,	-.21,	41,	65.6,
04,	00,	2007	,	12,	3.21,	41.2,	-3.75,	-3.75,	-.83,	-3.75,	0,	604,	-.08,	-.69,	-.55,	-.56,	-.89,	-1.56,	-.78,	31.8,	50.7,
04,	00,	2008	,	01,	7.11,	41.1,	-2.35,	-2.35,	3.04,	-1.1,	0,	600,	1.1,	.75,	.26,	.31,	.12,	-.32,	-.55,	32.6,	49.7,
04,	00,	2008	,	02,	2.76,	45.8,	-2.33,	-2.33,	-.66,	-1.32,	0,	456,	-.25,	.64,	.45,	.12,	.05,	-.61,	-.47,	34.7,	56.9,
04,	00,	2008	,	03,	.61,	50.3,	-3.18,	-3.18,	-3.26,	-3.18,	4,	387,	-1.73,	-1.15,	.02,	-.34,	-.34,	-.56,	-1.04,	37.5,	63.1,
04,	00,	2008	,	04,	.34,	54.4,	-3.53,	-3.53,	-2.03,	-3.53,	11,	289,	-1.62,	-3.09,	-1.57,	-.63,	-.56,	-.7,	-1.49,	40.3,	68.4,
04,	00,	2008	,	05,	.54,	61.7,	-3.59,	-3.59,	-1.29,	-3.59,	30,	168,	-.39,	-1.59,	-3.09,	-.37,	-.59,	-.66,	-1.57,	48.3,	75.1,
04,	00,	2008	,	06,	.03,	71.1,	-3.97,	-3.97,	-2.25,	-3.97,	157,	27,	-1.36,	-.99,	-1.83,	-.4,	-.66,	-.67,	-1.58,	55.5,	86.7,
04,	00,	2008	,	07,	.14,	76.5,	-4.22,	-4.22,	-1.96,	-4.22,	265,	1,	-.12,	-1.24,	-1.09,	-1.91,	-.75,	-.68,	-1.59,	61.7,	91.4,
04,	00,	2008	,	08,	.12,	76.6,	-4.2,	-4.2,	-1.25,	-4.2,	282,	1,	-.53,	-.54,	-1.32,	-3.09,	-.45,	-.68,	-1.61,	61.6,	91.6,
04,	00,	2008	,	09,	.04,	71.8,	-4.29,	-4.29,	-1.56,	-4.29,	191,	12,	-1.8,	-1.53,	-1.36,	-2.87,	-.51,	-.77,	-1.59,	56.3,	87.3,
04,	00,	2008	,	10,	.7,	61.8,	-4.3,	-4.3,	-1.35,	-4.3,	65,	93,	-.48,	-.98,	-1.09,	-1.64,	-2.18,	-.97,	-1.51,	47.6,	76,
04,	00,	2008	,	11,	2.41,	53.9,	-4.13,	-4.13,	-.81,	-4.13,	12,	246,	.11,	-.2,	-.42,	-.7,	-2.14,	-.68,	-1.5,	42.9,	64.9,
04,	00,	2008	,	12,	3.05,	42,	-3.99,	-3.99,	-.87,	-3.99,	0,	581,	-.15,	-.17,	-.34,	-.52,	-1.13,	-.69,	-1.53,	32.4,	51.7,
04,	00,	2009	,	01,	1.27,	46.9,	-4.81,	-4.81,	-3.68,	-4.81,	5,	433,	-1.24,	-.95,	-.84,	-1.1,	-1.26,	-2.05,	-1.45,	35.5,	58.2,
04,	00,	2009	,	02,	4.64,	45.2,	-4.15,	-4.15,	.47,	-3.92,	0,	471,	.54,	-.4,	-.5,	-.7,	-.8,	-1.59,	-1.35,	35.4,	55.1,
04,	00,	2009	,	03,	2.26,	49.2,	-4.08,	-4.08,	-1.05,	-4.08,	1,	427,	-.29,	.16,	-.54,	-.69,	-.8,	-1.21,	-1.19,	37,	61.4,
04,	00,	2009	,	04,	.57,	54.3,	-4.2,	-4.2,	-1.63,	-4.2,	8,	306,	-1.08,	-.78,	-.16,	-.77,	-.96,	-1.1,	-1.26,	40.7,	67.9,
04,	00,	2009	,	05,	1.24,	66.7,	-3.67,	-3.67,	.28,	-3.51,	87,	89,	.73,	-.41,	-.53,	-.7,	-.85,	-.95,	-1.17,	52.7,	80.6,
04,	00,	2009	,	06,	.6,	67.5,	-3.39,	-3.39,	-.28,	-3.27,	79,	68,	1,	.94,	-.19,	-.59,	-.7,	-.82,	-1.11,	54.3,	80.7,
04,	00,	2009	,	07,	.05,	77.6,	-3.27,	-3.27,	-.68,	-3.27,	289,	0,	-1.18,	.56,	.81,	0,	-.64,	-.83,	-1.13,	62.2,	93,
04,	00,	2009	,	08,	.12,	74.8,	-3.28,	-3.28,	-1.06,	-3.28,	245,	2,	-.53,	-1.23,	.14,	-.49,	-.68,	-.84,	-1.14,	59.4,	90.2,
04,	00,	2009	,	09,	.09,	73,	-3.43,	-3.43,	-1.46,	-3.43,	228,	5,	-1.08,	-1.21,	-1.55,	-.64,	-.72,	-.82,	-1.19,	57.6,	88.4,
04,	00,	2009	,	10,	2.07,	58.1,	-2.51,	-2.51,	1.69,	-1.78,	20,	173,	.96,	.6,	.47,	.78,	.1,	-.56,	-1.08,	45.5,	70.8,
04,	00,	2009	,	11,	.99,	50.9,	-3,	-3,	-2.22,	-3,	5,	329,	-.92,	-.23,	-.42,	-.4,	-.8,	-.89,	-1.08,	38.6,	63.2,
04,	00,	2009	,	12,	3.15,	41.8,	-3,	-3,	-.93,	-3,	0,	576,	-.1,	-.64,	-.33,	-.51,	-.61,	-.85,	-1.11,	32.2,	51.3,
04,	00,	2010	,	01,	6.48,	45.2,	.67,	-2.02,	2,	-1.14,	0,	491,	.93,	.59,	.14,	.22,	.32,	.08,	-1.21,	36.6,	53.7,
